-0.0
-3.7376696182833684
-6.7580945044277305
-9.348361669873558
-11.625628954883313
-13.653777202175599
-15.472935645591768
-17.110544434992565
-18.586450954802142
-19.915586902082083
-21.10950937055452
-22.177350000555876
-23.12643055525302
-23.96267857945364
-24.690917079824857
-25.31507138889785
-25.838319532662396
-26.263202726627664
-26.5917067935997
-26.825321644781205
-26.96508358715636
-27.011603602791254
-26.96508358715636
-26.825321644781205
-26.5917067935997
-26.263202726627664
-25.838319532662396
-25.31507138889785
-24.690917079824857
-23.96267857945364
-23.12643055525302
-22.177350000555876
-21.10950937055452
-19.915586902082083
-18.586450954802142
-17.110544434992565
-15.472935645591768
-13.653777202175599
-11.625628954883313
-9.348361669873558
-6.7580945044277305
-3.7376696182833684
-7.475339236566737
-10.4957641227111
-13.086031288156926
-15.36329857316668
-17.391446820458967
-19.210605263875138
-20.84821405327593
-22.324120573085512
-23.653256520365453
-24.847178988837886
-25.915019618839242
-26.86410017353639
-27.700348197737007
-28.428586698108223
-29.05274100718122
-29.575989150945766
-30.00087234491103
-30.329376411883068
-30.56299126306457
-30.70275320543973
-30.749273221074624
-30.70275320543973
-30.56299126306457
-30.329376411883068
-30.00087234491103
-29.575989150945766
-29.05274100718122
-28.428586698108223
-27.700348197737007
-26.86410017353639
-25.915019618839242
-24.847178988837886
-23.653256520365453
-22.324120573085512
-20.84821405327593
-19.210605263875138
-17.391446820458967
-15.36329857316668
-13.086031288156926
-10.4957641227111
-6.7580945044277305
-10.4957641227111
-13.516189008855461
-16.10645617430129
-18.383723459311042
-20.41187170660333
-22.2310301500195
-23.868638939420297
-25.344545459229874
-26.673681406509814
-27.86760387498225
-28.935444504983607
-29.88452505968075
-30.72077308388137
-31.449011584252585
-32.07316589332558
-32.59641403709013
-33.02129723105539
-33.34980129802743
-33.58341614920894
-33.723178091584096
-33.769698107218986
-33.723178091584096
-33.58341614920894
-33.34980129802743
-33.02129723105539
-32.59641403709013
-32.07316589332558
-31.449011584252585
-30.72077308388137
-29.88452505968075
-28.935444504983607
-27.86760387498225
-26.673681406509814
-25.344545459229874
-23.868638939420297
-22.2310301500195
-20.41187170660333
-18.383723459311042
-16.10645617430129
-13.516189008855461
-9.348361669873558
-13.086031288156926
-16.10645617430129
-18.696723339747116
-20.97399062475687
-23.002138872049155
-24.821297315465326
-26.458906104866124
-27.9348126246757
-29.26394857195564
-30.457871040428078
-31.525711670429434
-32.47479222512658
-33.3110402493272
-34.03927874969841
-34.6634330587714
-35.18668120253595
-35.61156439650122
-35.94006846347325
-36.17368331465476
-36.31344525702992
-36.359965272664816
-36.31344525702992
-36.17368331465476
-35.94006846347325
-35.61156439650122
-35.18668120253595
-34.6634330587714
-34.03927874969841
-33.3110402493272
-32.47479222512658
-31.525711670429434
-30.457871040428078
-29.26394857195564
-27.9348126246757
-26.458906104866124
-24.821297315465326
-23.002138872049155
-20.97399062475687
-18.696723339747116
-16.10645617430129
-11.625628954883313
-15.36329857316668
-18.383723459311042
-20.97399062475687
-23.251257909766625
-25.27940615705891
-27.098564600475083
-28.736173389875876
-30.212079909685457
-31.541215856965398
-32.73513832543783
-33.80297895543919
-34.752059510136334
-35.588307534336955
-36.31654603470817
-36.94070034378116
-37.46394848754571
-37.88883168151098
-38.21733574848301
-38.450950599664516
-38.590712542039675
-38.637232557674565
-38.590712542039675
-38.450950599664516
-38.21733574848301
-37.88883168151098
-37.46394848754571
-36.94070034378116
-36.31654603470817
-35.588307534336955
-34.752059510136334
-33.80297895543919
-32.73513832543783
-31.541215856965398
-30.212079909685457
-28.736173389875876
-27.098564600475083
-25.27940615705891
-23.251257909766625
-20.97399062475687
-18.383723459311042
-13.653777202175599
-17.391446820458967
-20.41187170660333
-23.002138872049155
-25.27940615705891
-27.307554404351198
-29.126712847767365
-30.764321637168162
-32.24022815697774
-33.56936410425768
-34.76328657273012
-35.83112720273147
-36.78020775742862
-37.61645578162924
-38.344694282000454
-38.968848591073446
-39.49209673483799
-39.916979928803265
-40.245483995775295
-40.4790988469568
-40.61886078933196
-40.66538080496685
-40.61886078933196
-40.4790988469568
-40.245483995775295
-39.916979928803265
-39.49209673483799
-38.968848591073446
-38.344694282000454
-37.61645578162924
-36.78020775742862
-35.83112720273147
-34.76328657273012
-33.56936410425768
-32.24022815697774
-30.764321637168162
-29.126712847767365
-27.307554404351198
-25.27940615705891
-23.002138872049155
-20.41187170660333
-15.472935645591768
-19.210605263875138
-22.2310301500195
-24.821297315465326
-27.098564600475083
-29.126712847767365
-30.945871291183536
-32.58348008058433
-34.059386600393914
-35.38852254767385
-36.58244501614629
-37.650285646147644
-38.59936620084479
-39.435614225045406
-40.163852725416625
-40.78800703448962
-41.311255178254164
-41.73613837221943
-42.064642439191466
-42.29825729037297
-42.43801923274813
-42.48453924838302
-42.43801923274813
-42.29825729037297
-42.064642439191466
-41.73613837221943
-41.311255178254164
-40.78800703448962
-40.163852725416625
-39.435614225045406
-38.59936620084479
-37.650285646147644
-36.58244501614629
-35.38852254767385
-34.059386600393914
-32.58348008058433
-30.945871291183536
-29.126712847767365
-27.098564600475083
-24.821297315465326
-22.2310301500195
-17.110544434992565
-20.84821405327593
-23.868638939420297
-26.458906104866124
-28.736173389875876
-30.764321637168162
-32.58348008058433
-34.22108886998513
-35.69699538979471
-37.02613133707465
-38.22005380554708
-39.28789443554844
-40.236974990245585
-41.07322301444621
-41.80146151481742
-42.42561582389041
-42.94886396765496
-43.37374716162023
-43.70225122859226
-43.93586607977377
-44.075628022148926
-44.12214803778382
-44.075628022148926
-43.93586607977377
-43.70225122859226
-43.37374716162023
-42.94886396765496
-42.42561582389041
-41.80146151481742
-41.07322301444621
-40.236974990245585
-39.28789443554844
-38.22005380554708
-37.02613133707465
-35.69699538979471
-34.22108886998513
-32.58348008058433
-30.764321637168162
-28.736173389875876
-26.458906104866124
-23.868638939420297
-18.586450954802142
-22.324120573085512
-25.344545459229874
-27.9348126246757
-30.212079909685457
-32.24022815697774
-34.059386600393914
-35.69699538979471
-37.172901909604285
-38.50203785688423
-39.69596032535666
-40.763800955358015
-41.71288151005516
-42.54912953425578
-43.277368034626996
-43.901522343699995
-44.42477048746454
-44.84965368142981
-45.178157748401844
-45.411772599583344
-45.5515345419585
-45.5980545575934
-45.5515345419585
-45.411772599583344
-45.178157748401844
-44.84965368142981
-44.42477048746454
-43.901522343699995
-43.277368034626996
-42.54912953425578
-41.71288151005516
-40.763800955358015
-39.69596032535666
-38.50203785688423
-37.172901909604285
-35.69699538979471
-34.059386600393914
-32.24022815697774
-30.212079909685457
-27.9348126246757
-25.344545459229874
-19.915586902082083
-23.653256520365453
-26.673681406509814
-29.26394857195564
-31.541215856965398
-33.56936410425768
-35.38852254767385
-37.02613133707465
-38.50203785688423
-39.831173804164166
-41.0250962726366
-42.09293690263796
-43.042017457335106
-43.87826548153573
-44.60650398190694
-45.23065829097993
-45.75390643474448
-46.178789628709744
-46.50729369568178
-46.74090854686329
-46.88067048923845
-46.92719050487334
-46.88067048923845
-46.74090854686329
-46.50729369568178
-46.178789628709744
-45.75390643474448
-45.23065829097993
-44.60650398190694
-43.87826548153573
-43.042017457335106
-42.09293690263796
-41.0250962726366
-39.831173804164166
-38.50203785688423
-37.02613133707465
-35.38852254767385
-33.56936410425768
-31.541215856965398
-29.26394857195564
-26.673681406509814
-21.10950937055452
-24.847178988837886
-27.86760387498225
-30.457871040428078
-32.73513832543783
-34.76328657273012
-36.58244501614629
-38.22005380554708
-39.69596032535666
-41.0250962726366
-42.21901874110904
-43.286859371110396
-44.23593992580754
-45.07218795000816
-45.800426450379376
-46.42458075945237
-46.947828903216916
-47.37271209718218
-47.70121616415422
-47.934831015335725
-48.074592957710884
-48.121112973345774
-48.074592957710884
-47.934831015335725
-47.70121616415422
-47.37271209718218
-46.947828903216916
-46.42458075945237
-45.800426450379376
-45.07218795000816
-44.23593992580754
-43.286859371110396
-42.21901874110904
-41.0250962726366
-39.69596032535666
-38.22005380554708
-36.58244501614629
-34.76328657273012
-32.73513832543783
-30.457871040428078
-27.86760387498225
-22.177350000555876
-25.915019618839242
-28.935444504983607
-31.525711670429434
-33.80297895543919
-35.83112720273147
-37.650285646147644
-39.28789443554844
-40.763800955358015
-42.09293690263796
-43.286859371110396
-44.35470000111175
-45.3037805558089
-46.14002858000951
-46.86826708038073
-47.492421389453725
-48.01566953321827
-48.44055272718354
-48.769056794155574
-49.00267164533708
-49.14243358771224
-49.18895360334713
-49.14243358771224
-49.00267164533708
-48.769056794155574
-48.44055272718354
-48.01566953321827
-47.492421389453725
-46.86826708038073
-46.14002858000951
-45.3037805558089
-44.35470000111175
-43.286859371110396
-42.09293690263796
-40.763800955358015
-39.28789443554844
-37.650285646147644
-35.83112720273147
-33.80297895543919
-31.525711670429434
-28.935444504983607
-23.12643055525302
-26.86410017353639
-29.88452505968075
-32.47479222512658
-34.752059510136334
-36.78020775742862
-38.59936620084479
-40.236974990245585
-41.71288151005516
-43.042017457335106
-44.23593992580754
-45.3037805558089
-46.25286111050604
-47.08910913470666
-47.81734763507787
-48.44150194415087
-48.96475008791542
-49.389633281880684
-49.71813734885272
-49.95175220003423
-50.09151414240938
-50.13803415804428
-50.09151414240938
-49.95175220003423
-49.71813734885272
-49.389633281880684
-48.96475008791542
-48.44150194415087
-47.81734763507787
-47.08910913470666
-46.25286111050604
-45.3037805558089
-44.23593992580754
-43.042017457335106
-41.71288151005516
-40.236974990245585
-38.59936620084479
-36.78020775742862
-34.752059510136334
-32.47479222512658
-29.88452505968075
-23.96267857945364
-27.700348197737007
-30.72077308388137
-33.3110402493272
-35.588307534336955
-37.61645578162924
-39.435614225045406
-41.07322301444621
-42.54912953425578
-43.87826548153573
-45.07218795000816
-46.14002858000951
-47.08910913470666
-47.92535715890728
-48.653595659278494
-49.277749968351486
-49.800998112116034
-50.225881306081305
-50.554385373053336
-50.78800022423484
-50.92776216661
-50.97428218224489
-50.92776216661
-50.78800022423484
-50.554385373053336
-50.225881306081305
-49.800998112116034
-49.277749968351486
-48.653595659278494
-47.92535715890728
-47.08910913470666
-46.14002858000951
-45.07218795000816
-43.87826548153573
-42.54912953425578
-41.07322301444621
-39.435614225045406
-37.61645578162924
-35.588307534336955
-33.3110402493272
-30.72077308388137
-24.690917079824857
-28.428586698108223
-31.449011584252585
-34.03927874969841
-36.31654603470817
-38.344694282000454
-40.163852725416625
-41.80146151481742
-43.277368034626996
-44.60650398190694
-45.800426450379376
-46.86826708038073
-47.81734763507787
-48.653595659278494
-49.38183415964971
-50.005988468722705
-50.52923661248725
-50.95411980645252
-51.282623873424555
-51.51623872460606
-51.65600066698122
-51.70252068261611
-51.65600066698122
-51.51623872460606
-51.282623873424555
-50.95411980645252
-50.52923661248725
-50.005988468722705
-49.38183415964971
-48.653595659278494
-47.81734763507787
-46.86826708038073
-45.800426450379376
-44.60650398190694
-43.277368034626996
-41.80146151481742
-40.163852725416625
-38.344694282000454
-36.31654603470817
-34.03927874969841
-31.449011584252585
-25.31507138889785
-29.05274100718122
-32.07316589332558
-34.6634330587714
-36.94070034378116
-38.968848591073446
-40.78800703448962
-42.42561582389041
-43.901522343699995
-45.23065829097993
-46.42458075945237
-47.492421389453725
-48.44150194415087
-49.277749968351486
-50.005988468722705
-50.6301427777957
-51.153390921560245
-51.57827411552551
-51.90677818249755
-52.140393033679054
-52.28015497605421
-52.3266749916891
-52.28015497605421
-52.140393033679054
-51.90677818249755
-51.57827411552551
-51.153390921560245
-50.6301427777957
-50.005988468722705
-49.277749968351486
-48.44150194415087
-47.492421389453725
-46.42458075945237
-45.23065829097993
-43.901522343699995
-42.42561582389041
-40.78800703448962
-38.968848591073446
-36.94070034378116
-34.6634330587714
-32.07316589332558
-25.838319532662396
-29.575989150945766
-32.59641403709013
-35.18668120253595
-37.46394848754571
-39.49209673483799
-41.311255178254164
-42.94886396765496
-44.42477048746454
-45.75390643474448
-46.947828903216916
-48.01566953321827
-48.96475008791542
-49.800998112116034
-50.52923661248725
-51.153390921560245
-51.67663906532479
-52.10152225929006
-52.430026326262094
-52.6636411774436
-52.80340311981876
-52.84992313545365
-52.80340311981876
-52.6636411774436
-52.430026326262094
-52.10152225929006
-51.67663906532479
-51.153390921560245
-50.52923661248725
-49.800998112116034
-48.96475008791542
-48.01566953321827
-46.947828903216916
-45.75390643474448
-44.42477048746454
-42.94886396765496
-41.311255178254164
-39.49209673483799
-37.46394848754571
-35.18668120253595
-32.59641403709013
-26.263202726627664
-30.00087234491103
-33.02129723105539
-35.61156439650122
-37.88883168151098
-39.916979928803265
-41.73613837221943
-43.37374716162023
-44.84965368142981
-46.178789628709744
-47.37271209718218
-48.44055272718354
-49.389633281880684
-50.225881306081305
-50.95411980645252
-51.57827411552551
-52.10152225929006
-52.52640545325533
-52.85490952022736
-53.088524371408866
-53.228286313784025
-53.274806329418915
-53.228286313784025
-53.088524371408866
-52.85490952022736
-52.52640545325533
-52.10152225929006
-51.57827411552551
-50.95411980645252
-50.225881306081305
-49.389633281880684
-48.44055272718354
-47.37271209718218
-46.178789628709744
-44.84965368142981
-43.37374716162023
-41.73613837221943
-39.916979928803265
-37.88883168151098
-35.61156439650122
-33.02129723105539
-26.5917067935997
-30.329376411883068
-33.34980129802743
-35.94006846347325
-38.21733574848301
-40.245483995775295
-42.064642439191466
-43.70225122859226
-45.178157748401844
-46.50729369568178
-47.70121616415422
-48.769056794155574
-49.71813734885272
-50.554385373053336
-51.282623873424555
-51.90677818249755
-52.430026326262094
-52.85490952022736
-53.1834135871994
-53.4170284383809
-53.55679038075606
-53.60331039639095
-53.55679038075606
-53.4170284383809
-53.1834135871994
-52.85490952022736
-52.430026326262094
-51.90677818249755
-51.282623873424555
-50.554385373053336
-49.71813734885272
-48.769056794155574
-47.70121616415422
-46.50729369568178
-45.178157748401844
-43.70225122859226
-42.064642439191466
-40.245483995775295
-38.21733574848301
-35.94006846347325
-33.34980129802743
-26.825321644781205
-30.56299126306457
-33.58341614920894
-36.17368331465476
-38.450950599664516
-40.4790988469568
-42.29825729037297
-43.93586607977377
-45.411772599583344
-46.74090854686329
-47.934831015335725
-49.00267164533708
-49.95175220003423
-50.78800022423484
-51.51623872460606
-52.140393033679054
-52.6636411774436
-53.088524371408866
-53.4170284383809
-53.65064328956241
-53.79040523193757
-53.83692524757246
-53.79040523193757
-53.65064328956241
-53.4170284383809
-53.088524371408866
-52.6636411774436
-52.140393033679054
-51.51623872460606
-50.78800022423484
-49.95175220003423
-49.00267164533708
-47.934831015335725
-46.74090854686329
-45.411772599583344
-43.93586607977377
-42.29825729037297
-40.4790988469568
-38.450950599664516
-36.17368331465476
-33.58341614920894
-26.96508358715636
-30.70275320543973
-33.723178091584096
-36.31344525702992
-38.590712542039675
-40.61886078933196
-42.43801923274813
-44.075628022148926
-45.5515345419585
-46.88067048923845
-48.074592957710884
-49.14243358771224
-50.09151414240938
-50.92776216661
-51.65600066698122
-52.28015497605421
-52.80340311981876
-53.228286313784025
-53.55679038075606
-53.79040523193757
-53.93016717431272
-53.97668718994762
-53.93016717431272
-53.79040523193757
-53.55679038075606
-53.228286313784025
-52.80340311981876
-52.28015497605421
-51.65600066698122
-50.92776216661
-50.09151414240938
-49.14243358771224
-48.074592957710884
-46.88067048923845
-45.5515345419585
-44.075628022148926
-42.43801923274813
-40.61886078933196
-38.590712542039675
-36.31344525702992
-33.723178091584096
-27.011603602791254
-30.749273221074624
-33.769698107218986
-36.359965272664816
-38.637232557674565
-40.66538080496685
-42.48453924838302
-44.12214803778382
-45.5980545575934
-46.92719050487334
-48.121112973345774
-49.18895360334713
-50.13803415804428
-50.97428218224489
-51.70252068261611
-52.3266749916891
-52.84992313545365
-53.274806329418915
-53.60331039639095
-53.83692524757246
-53.97668718994762
-54.02320720558251
-53.97668718994762
-53.83692524757246
-53.60331039639095
-53.274806329418915
-52.84992313545365
-52.3266749916891
-51.70252068261611
-50.97428218224489
-50.13803415804428
-49.18895360334713
-48.121112973345774
-46.92719050487334
-45.5980545575934
-44.12214803778382
-42.48453924838302
-40.66538080496685
-38.637232557674565
-36.359965272664816
-33.769698107218986
-26.96508358715636
-30.70275320543973
-33.723178091584096
-36.31344525702992
-38.590712542039675
-40.61886078933196
-42.43801923274813
-44.075628022148926
-45.5515345419585
-46.88067048923845
-48.074592957710884
-49.14243358771224
-50.09151414240938
-50.92776216661
-51.65600066698122
-52.28015497605421
-52.80340311981876
-53.228286313784025
-53.55679038075606
-53.79040523193757
-53.93016717431272
-53.97668718994762
-53.93016717431272
-53.79040523193757
-53.55679038075606
-53.228286313784025
-52.80340311981876
-52.28015497605421
-51.65600066698122
-50.92776216661
-50.09151414240938
-49.14243358771224
-48.074592957710884
-46.88067048923845
-45.5515345419585
-44.075628022148926
-42.43801923274813
-40.61886078933196
-38.590712542039675
-36.31344525702992
-33.723178091584096
-26.825321644781205
-30.56299126306457
-33.58341614920894
-36.17368331465476
-38.450950599664516
-40.4790988469568
-42.29825729037297
-43.93586607977377
-45.411772599583344
-46.74090854686329
-47.934831015335725
-49.00267164533708
-49.95175220003423
-50.78800022423484
-51.51623872460606
-52.140393033679054
-52.6636411774436
-53.088524371408866
-53.4170284383809
-53.65064328956241
-53.79040523193757
-53.83692524757246
-53.79040523193757
-53.65064328956241
-53.4170284383809
-53.088524371408866
-52.6636411774436
-52.140393033679054
-51.51623872460606
-50.78800022423484
-49.95175220003423
-49.00267164533708
-47.934831015335725
-46.74090854686329
-45.411772599583344
-43.93586607977377
-42.29825729037297
-40.4790988469568
-38.450950599664516
-36.17368331465476
-33.58341614920894
-26.5917067935997
-30.329376411883068
-33.34980129802743
-35.94006846347325
-38.21733574848301
-40.245483995775295
-42.064642439191466
-43.70225122859226
-45.178157748401844
-46.50729369568178
-47.70121616415422
-48.769056794155574
-49.71813734885272
-50.554385373053336
-51.282623873424555
-51.90677818249755
-52.430026326262094
-52.85490952022736
-53.1834135871994
-53.4170284383809
-53.55679038075606
-53.60331039639095
-53.55679038075606
-53.4170284383809
-53.1834135871994
-52.85490952022736
-52.430026326262094
-51.90677818249755
-51.282623873424555
-50.554385373053336
-49.71813734885272
-48.769056794155574
-47.70121616415422
-46.50729369568178
-45.178157748401844
-43.70225122859226
-42.064642439191466
-40.245483995775295
-38.21733574848301
-35.94006846347325
-33.34980129802743
-26.263202726627664
-30.00087234491103
-33.02129723105539
-35.61156439650122
-37.88883168151098
-39.916979928803265
-41.73613837221943
-43.37374716162023
-44.84965368142981
-46.178789628709744
-47.37271209718218
-48.44055272718354
-49.389633281880684
-50.225881306081305
-50.95411980645252
-51.57827411552551
-52.10152225929006
-52.52640545325533
-52.85490952022736
-53.088524371408866
-53.228286313784025
-53.274806329418915
-53.228286313784025
-53.088524371408866
-52.85490952022736
-52.52640545325533
-52.10152225929006
-51.57827411552551
-50.95411980645252
-50.225881306081305
-49.389633281880684
-48.44055272718354
-47.37271209718218
-46.178789628709744
-44.84965368142981
-43.37374716162023
-41.73613837221943
-39.916979928803265
-37.88883168151098
-35.61156439650122
-33.02129723105539
-25.838319532662396
-29.575989150945766
-32.59641403709013
-35.18668120253595
-37.46394848754571
-39.49209673483799
-41.311255178254164
-42.94886396765496
-44.42477048746454
-45.75390643474448
-46.947828903216916
-48.01566953321827
-48.96475008791542
-49.800998112116034
-50.52923661248725
-51.153390921560245
-51.67663906532479
-52.10152225929006
-52.430026326262094
-52.6636411774436
-52.80340311981876
-52.84992313545365
-52.80340311981876
-52.6636411774436
-52.430026326262094
-52.10152225929006
-51.67663906532479
-51.153390921560245
-50.52923661248725
-49.800998112116034
-48.96475008791542
-48.01566953321827
-46.947828903216916
-45.75390643474448
-44.42477048746454
-42.94886396765496
-41.311255178254164
-39.49209673483799
-37.46394848754571
-35.18668120253595
-32.59641403709013
-25.31507138889785
-29.05274100718122
-32.07316589332558
-34.6634330587714
-36.94070034378116
-38.968848591073446
-40.78800703448962
-42.42561582389041
-43.901522343699995
-45.23065829097993
-46.42458075945237
-47.492421389453725
-48.44150194415087
-49.277749968351486
-50.005988468722705
-50.6301427777957
-51.153390921560245
-51.57827411552551
-51.90677818249755
-52.140393033679054
-52.28015497605421
-52.3266749916891
-52.28015497605421
-52.140393033679054
-51.90677818249755
-51.57827411552551
-51.153390921560245
-50.6301427777957
-50.005988468722705
-49.277749968351486
-48.44150194415087
-47.492421389453725
-46.42458075945237
-45.23065829097993
-43.901522343699995
-42.42561582389041
-40.78800703448962
-38.968848591073446
-36.94070034378116
-34.6634330587714
-32.07316589332558
-24.690917079824857
-28.428586698108223
-31.449011584252585
-34.03927874969841
-36.31654603470817
-38.344694282000454
-40.163852725416625
-41.80146151481742
-43.277368034626996
-44.60650398190694
-45.800426450379376
-46.86826708038073
-47.81734763507787
-48.653595659278494
-49.38183415964971
-50.005988468722705
-50.52923661248725
-50.95411980645252
-51.282623873424555
-51.51623872460606
-51.65600066698122
-51.70252068261611
-51.65600066698122
-51.51623872460606
-51.282623873424555
-50.95411980645252
-50.52923661248725
-50.005988468722705
-49.38183415964971
-48.653595659278494
-47.81734763507787
-46.86826708038073
-45.800426450379376
-44.60650398190694
-43.277368034626996
-41.80146151481742
-40.163852725416625
-38.344694282000454
-36.31654603470817
-34.03927874969841
-31.449011584252585
-23.96267857945364
-27.700348197737007
-30.72077308388137
-33.3110402493272
-35.588307534336955
-37.61645578162924
-39.435614225045406
-41.07322301444621
-42.54912953425578
-43.87826548153573
-45.07218795000816
-46.14002858000951
-47.08910913470666
-47.92535715890728
-48.653595659278494
-49.277749968351486
-49.800998112116034
-50.225881306081305
-50.554385373053336
-50.78800022423484
-50.92776216661
-50.97428218224489
-50.92776216661
-50.78800022423484
-50.554385373053336
-50.225881306081305
-49.800998112116034
-49.277749968351486
-48.653595659278494
-47.92535715890728
-47.08910913470666
-46.14002858000951
-45.07218795000816
-43.87826548153573
-42.54912953425578
-41.07322301444621
-39.435614225045406
-37.61645578162924
-35.588307534336955
-33.3110402493272
-30.72077308388137
-23.12643055525302
-26.86410017353639
-29.88452505968075
-32.47479222512658
-34.752059510136334
-36.78020775742862
-38.59936620084479
-40.236974990245585
-41.71288151005516
-43.042017457335106
-44.23593992580754
-45.3037805558089
-46.25286111050604
-47.08910913470666
-47.81734763507787
-48.44150194415087
-48.96475008791542
-49.389633281880684
-49.71813734885272
-49.95175220003423
-50.09151414240938
-50.13803415804428
-50.09151414240938
-49.95175220003423
-49.71813734885272
-49.389633281880684
-48.96475008791542
-48.44150194415087
-47.81734763507787
-47.08910913470666
-46.25286111050604
-45.3037805558089
-44.23593992580754
-43.042017457335106
-41.71288151005516
-40.236974990245585
-38.59936620084479
-36.78020775742862
-34.752059510136334
-32.47479222512658
-29.88452505968075
-22.177350000555876
-25.915019618839242
-28.935444504983607
-31.525711670429434
-33.80297895543919
-35.83112720273147
-37.650285646147644
-39.28789443554844
-40.763800955358015
-42.09293690263796
-43.286859371110396
-44.35470000111175
-45.3037805558089
-46.14002858000951
-46.86826708038073
-47.492421389453725
-48.01566953321827
-48.44055272718354
-48.769056794155574
-49.00267164533708
-49.14243358771224
-49.18895360334713
-49.14243358771224
-49.00267164533708
-48.769056794155574
-48.44055272718354
-48.01566953321827
-47.492421389453725
-46.86826708038073
-46.14002858000951
-45.3037805558089
-44.35470000111175
-43.286859371110396
-42.09293690263796
-40.763800955358015
-39.28789443554844
-37.650285646147644
-35.83112720273147
-33.80297895543919
-31.525711670429434
-28.935444504983607
-21.10950937055452
-24.847178988837886
-27.86760387498225
-30.457871040428078
-32.73513832543783
-34.76328657273012
-36.58244501614629
-38.22005380554708
-39.69596032535666
-41.0250962726366
-42.21901874110904
-43.286859371110396
-44.23593992580754
-45.07218795000816
-45.800426450379376
-46.42458075945237
-46.947828903216916
-47.37271209718218
-47.70121616415422
-47.934831015335725
-48.074592957710884
-48.121112973345774
-48.074592957710884
-47.934831015335725
-47.70121616415422
-47.37271209718218
-46.947828903216916
-46.42458075945237
-45.800426450379376
-45.07218795000816
-44.23593992580754
-43.286859371110396
-42.21901874110904
-41.0250962726366
-39.69596032535666
-38.22005380554708
-36.58244501614629
-34.76328657273012
-32.73513832543783
-30.457871040428078
-27.86760387498225
-19.915586902082083
-23.653256520365453
-26.673681406509814
-29.26394857195564
-31.541215856965398
-33.56936410425768
-35.38852254767385
-37.02613133707465
-38.50203785688423
-39.831173804164166
-41.0250962726366
-42.09293690263796
-43.042017457335106
-43.87826548153573
-44.60650398190694
-45.23065829097993
-45.75390643474448
-46.178789628709744
-46.50729369568178
-46.74090854686329
-46.88067048923845
-46.92719050487334
-46.88067048923845
-46.74090854686329
-46.50729369568178
-46.178789628709744
-45.75390643474448
-45.23065829097993
-44.60650398190694
-43.87826548153573
-43.042017457335106
-42.09293690263796
-41.0250962726366
-39.831173804164166
-38.50203785688423
-37.02613133707465
-35.38852254767385
-33.56936410425768
-31.541215856965398
-29.26394857195564
-26.673681406509814
-18.586450954802142
-22.324120573085512
-25.344545459229874
-27.9348126246757
-30.212079909685457
-32.24022815697774
-34.059386600393914
-35.69699538979471
-37.172901909604285
-38.50203785688423
-39.69596032535666
-40.763800955358015
-41.71288151005516
-42.54912953425578
-43.277368034626996
-43.901522343699995
-44.42477048746454
-44.84965368142981
-45.178157748401844
-45.411772599583344
-45.5515345419585
-45.5980545575934
-45.5515345419585
-45.411772599583344
-45.178157748401844
-44.84965368142981
-44.42477048746454
-43.901522343699995
-43.277368034626996
-42.54912953425578
-41.71288151005516
-40.763800955358015
-39.69596032535666
-38.50203785688423
-37.172901909604285
-35.69699538979471
-34.059386600393914
-32.24022815697774
-30.212079909685457
-27.9348126246757
-25.344545459229874
-17.110544434992565
-20.84821405327593
-23.868638939420297
-26.458906104866124
-28.736173389875876
-30.764321637168162
-32.58348008058433
-34.22108886998513
-35.69699538979471
-37.02613133707465
-38.22005380554708
-39.28789443554844
-40.236974990245585
-41.07322301444621
-41.80146151481742
-42.42561582389041
-42.94886396765496
-43.37374716162023
-43.70225122859226
-43.93586607977377
-44.075628022148926
-44.12214803778382
-44.075628022148926
-43.93586607977377
-43.70225122859226
-43.37374716162023
-42.94886396765496
-42.42561582389041
-41.80146151481742
-41.07322301444621
-40.236974990245585
-39.28789443554844
-38.22005380554708
-37.02613133707465
-35.69699538979471
-34.22108886998513
-32.58348008058433
-30.764321637168162
-28.736173389875876
-26.458906104866124
-23.868638939420297
-15.472935645591768
-19.210605263875138
-22.2310301500195
-24.821297315465326
-27.098564600475083
-29.126712847767365
-30.945871291183536
-32.58348008058433
-34.059386600393914
-35.38852254767385
-36.58244501614629
-37.650285646147644
-38.59936620084479
-39.435614225045406
-40.163852725416625
-40.78800703448962
-41.311255178254164
-41.73613837221943
-42.064642439191466
-42.29825729037297
-42.43801923274813
-42.48453924838302
-42.43801923274813
-42.29825729037297
-42.064642439191466
-41.73613837221943
-41.311255178254164
-40.78800703448962
-40.163852725416625
-39.435614225045406
-38.59936620084479
-37.650285646147644
-36.58244501614629
-35.38852254767385
-34.059386600393914
-32.58348008058433
-30.945871291183536
-29.126712847767365
-27.098564600475083
-24.821297315465326
-22.2310301500195
-13.653777202175599
-17.391446820458967
-20.41187170660333
-23.002138872049155
-25.27940615705891
-27.307554404351198
-29.126712847767365
-30.764321637168162
-32.24022815697774
-33.56936410425768
-34.76328657273012
-35.83112720273147
-36.78020775742862
-37.61645578162924
-38.344694282000454
-38.968848591073446
-39.49209673483799
-39.916979928803265
-40.245483995775295
-40.4790988469568
-40.61886078933196
-40.66538080496685
-40.61886078933196
-40.4790988469568
-40.245483995775295
-39.916979928803265
-39.49209673483799
-38.968848591073446
-38.344694282000454
-37.61645578162924
-36.78020775742862
-35.83112720273147
-34.76328657273012
-33.56936410425768
-32.24022815697774
-30.764321637168162
-29.126712847767365
-27.307554404351198
-25.27940615705891
-23.002138872049155
-20.41187170660333
-11.625628954883313
-15.36329857316668
-18.383723459311042
-20.97399062475687
-23.251257909766625
-25.27940615705891
-27.098564600475083
-28.736173389875876
-30.212079909685457
-31.541215856965398
-32.73513832543783
-33.80297895543919
-34.752059510136334
-35.588307534336955
-36.31654603470817
-36.94070034378116
-37.46394848754571
-37.88883168151098
-38.21733574848301
-38.450950599664516
-38.590712542039675
-38.637232557674565
-38.590712542039675
-38.450950599664516
-38.21733574848301
-37.88883168151098
-37.46394848754571
-36.94070034378116
-36.31654603470817
-35.588307534336955
-34.752059510136334
-33.80297895543919
-32.73513832543783
-31.541215856965398
-30.212079909685457
-28.736173389875876
-27.098564600475083
-25.27940615705891
-23.251257909766625
-20.97399062475687
-18.383723459311042
-9.348361669873558
-13.086031288156926
-16.10645617430129
-18.696723339747116
-20.97399062475687
-23.002138872049155
-24.821297315465326
-26.458906104866124
-27.9348126246757
-29.26394857195564
-30.457871040428078
-31.525711670429434
-32.47479222512658
-33.3110402493272
-34.03927874969841
-34.6634330587714
-35.18668120253595
-35.61156439650122
-35.94006846347325
-36.17368331465476
-36.31344525702992
-36.359965272664816
-36.31344525702992
-36.17368331465476
-35.94006846347325
-35.61156439650122
-35.18668120253595
-34.6634330587714
-34.03927874969841
-33.3110402493272
-32.47479222512658
-31.525711670429434
-30.457871040428078
-29.26394857195564
-27.9348126246757
-26.458906104866124
-24.821297315465326
-23.002138872049155
-20.97399062475687
-18.696723339747116
-16.10645617430129
-6.7580945044277305
-10.4957641227111
-13.516189008855461
-16.10645617430129
-18.383723459311042
-20.41187170660333
-22.2310301500195
-23.868638939420297
-25.344545459229874
-26.673681406509814
-27.86760387498225
-28.935444504983607
-29.88452505968075
-30.72077308388137
-31.449011584252585
-32.07316589332558
-32.59641403709013
-33.02129723105539
-33.34980129802743
-33.58341614920894
-33.723178091584096
-33.769698107218986
-33.723178091584096
-33.58341614920894
-33.34980129802743
-33.02129723105539
-32.59641403709013
-32.07316589332558
-31.449011584252585
-30.72077308388137
-29.88452505968075
-28.935444504983607
-27.86760387498225
-26.673681406509814
-25.344545459229874
-23.868638939420297
-22.2310301500195
-20.41187170660333
-18.383723459311042
-16.10645617430129
-13.516189008855461
