(31.327722772277223, 39.00495049504951, 42.0, 29.837821782178214, 38.481980198019805, 41.98376237623762, 38.45663366336634, 41.981980198019805, 30.200990099009907, 42.0) 
(32.404950495049526, 39.3841584158416, 42.0, 31.131089108910885, 38.74099009900989, 41.98455445544554, 38.853465346534655, 42.0, 31.67841584158416, 41.98831683168317) 
(33.56752475247526, 39.79009900990099, 42.0, 32.54138613861386, 39.30712871287129, 41.99742574257426, 38.87821782178217, 41.99465346534654, 33.09227722772278, 41.984158415841584) 
(34.53762376237625, 39.800198019801975, 42.0, 33.339009900990106, 39.31841584158416, 41.994653465346545, 39.52673267326733, 41.97603960396039, 33.91782178217823, 41.96118811881187) 
(33.818217821782156, 39.06455445544556, 42.0, 32.90336633663366, 38.31742574257426, 41.976237623762366, 38.29504950495049, 41.98118811881188, 32.89544554455446, 41.985346534653466) 
(34.304752475247525, 39.0130693069307, 42.0, 33.04613861386138, 38.34455445544554, 41.97900990099009, 38.17108910891088, 41.98039603960396, 33.0920792079208, 42.0) 
(34.19287128712871, 39.08554455445545, 42.0, 33.63722772277226, 39.01089108910893, 41.984554455445554, 38.762772277227725, 42.0, 33.67445544554457, 41.984554455445554) 
(34.607920792079206, 39.166732673267326, 42.0, 33.31663366336634, 38.34910891089108, 41.974851485148506, 38.396039603960396, 41.97821782178218, 33.5980198019802, 42.0) 
(34.62099009900991, 39.0479207920792, 42.0, 33.37564356435643, 38.62712871287129, 41.982772277227724, 38.79168316831682, 41.97485148514852, 33.2479207920792, 41.998811881188125) 
(34.457425742574266, 38.90257425742576, 42.0, 33.56336633663367, 38.028316831683185, 41.99287128712873, 37.993069306930714, 41.949900990099, 33.19722772277228, 41.970891089108896) 
(34.17386138613861, 38.14079207920791, 42.0, 33.47742574257427, 37.232673267326724, 41.95445544554455, 36.13188118811882, 41.97881188118812, 33.914257425742576, 41.95227722772276) 
(33.761188118811894, 35.71425742574257, 41.9750495049505, 32.18277227722773, 34.498217821782184, 41.91782178217824, 35.60712871287129, 41.917029702970304, 33.738811881188134, 41.917029702970304) 
(28.5140594059406, 28.660396039603953, 41.65702970297031, 21.016039603960404, 20.644752475247532, 41.33465346534655, 28.19485148514852, 41.25762376237624, 27.92712871287129, 41.12475247524752) 
(25.456831683168325, 21.006732673267333, 39.54435643564357, 9.697029702970296, 8.06019801980198, 37.75683168316832, 18.710693069306927, 11.75762376237624, 24.136435643564365, 18.984950495049503) 
(28.60396039603961, 28.69643564356437, 32.08316831683169, 8.349900990099009, 8.933861386138611, 32.05663366336634, 25.90316831683168, 8.224752475247524, 26.921584158415854, 12.75465346534653) 
(31.125346534653467, 34.739999999999995, 15.169702970297033, 21.155049504950497, 24.404950495049512, 14.673861386138611, 32.36554455445545, 3.4227722772277254, 29.727722772277243, 5.598613861386139) 
(32.190693069306924, 37.39900990099011, 4.103168316831685, 29.417821782178226, 35.099603960396045, 3.553465346534656, 37.090099009900996, 1.9912871287128728, 31.56435643564357, 1.974455445544556) 
(32.73069306930694, 38.16514851485147, 1.7356435643564367, 30.98376237623763, 37.53603960396039, 1.1358415841584166, 37.26336633663365, 1.0742574257425748, 31.50930693069306, 1.2439603960396048) 
(32.553861386138614, 38.245544554455456, 1.4766336633663375, 31.51108910891089, 37.02930693069306, 0.5881188118811885, 35.93049504950497, 0.8906930693069313, 31.863564356435642, 0.7786138613861391) 
(32.86257425742575, 38.32435643564357, 1.103366336633664, 31.57148514851485, 37.84257425742573, 0.39267326732673297, 37.7891089108911, 0.3946534653465349, 31.780792079207924, 0.4994059405940598) 
(32.060792079207914, 38.760198019802, 42.0, 31.308514851485157, 37.696633663366335, 42.0, 38.20891089108912, 41.994851485148516, 31.243168316831685, 41.9439603960396) 
(33.804554455445555, 39.09306930693069, 42.0, 33.074455445544565, 38.47485148514852, 42.0, 38.605742574257405, 41.99742574257426, 33.34435643564357, 41.9950495049505) 
(34.72514851485149, 39.34356435643565, 42.0, 33.976039603960395, 38.646138613861375, 42.0, 38.7920792079208, 41.98594059405941, 34.208712871287126, 41.99742574257426) 
(33.76277227722774, 38.829702970297035, 42.0, 32.87920792079209, 38.53128712871288, 42.0, 36.87247524752473, 39.79168316831684, 32.532079207920795, 41.97425742574256) 
(33.858217821782205, 38.94257425742576, 42.0, 33.29623762376236, 38.54554455445545, 42.0, 38.48039603960397, 41.98831683168317, 33.4340594059406, 41.98831683168317) 
(34.04356435643564, 38.94316831683168, 42.0, 33.73287128712872, 38.2447524752475, 41.98, 38.44316831683169, 42.0, 33.11742574257424, 41.98851485148516) 
(34.29881188118813, 39.208316831683184, 42.0, 32.97188118811882, 38.57920792079208, 41.992871287128715, 38.654851485148505, 41.99623762376238, 33.63445544554456, 41.99702970297031) 
(34.56990099009902, 39.11128712871287, 42.0, 33.45821782178217, 38.86673267326732, 41.99722772277229, 38.56752475247525, 41.986138613861385, 33.274653465346525, 41.96950495049505) 
(34.806336633663385, 39.241386138613855, 42.0, 33.96396039603961, 38.748910891089096, 41.97544554455447, 38.47861386138615, 42.0, 33.4621782178218, 41.994059405940604) 
(34.62158415841585, 39.03999999999999, 42.0, 33.84257425742573, 38.58673267326733, 41.954059405940605, 38.28138613861386, 41.96732673267325, 33.408712871287136, 42.0) 
(34.55485148514852, 38.91960396039603, 42.0, 33.359009900990095, 37.982376237623754, 41.94673267326733, 38.020990099009914, 41.953069306930686, 33.481980198019805, 41.99029702970297) 
(34.29029702970296, 38.415841584158414, 42.0, 33.495445544554464, 37.76178217821782, 41.98970297029703, 38.12039603960397, 41.96831683168317, 33.50633663366337, 41.95940594059405) 
(32.48811881188118, 35.81128712871287, 41.93683168316832, 28.986336633663374, 32.34455445544554, 41.85663366336633, 35.69504950495049, 41.78217821782179, 31.972871287128715, 41.83702970297031) 
(26.213069306930695, 25.12217821782181, 41.50316831683168, 18.227524752475247, 18.670693069306928, 40.080000000000005, 22.517821782178235, 20.735247524752484, 24.854059405940603, 31.211287128712872) 
(27.926732673267328, 25.730297029702978, 38.38059405940594, 6.945742574257427, 6.7340594059405925, 36.030099009901, 23.091485148514856, 10.613069306930695, 24.8720792079208, 19.447326732673275) 
(31.531089108910898, 32.19049504950495, 28.07841584158416, 12.14, 12.710891089108918, 27.887524752475247, 31.793069306930686, 7.126732673267328, 31.06574257425742, 6.7015841584158435) 
(30.76079207920793, 32.39504950495049, 10.21881188118812, 25.636237623762387, 28.81069306930694, 9.82039603960396, 31.849306930693068, 5.475643564356436, 29.900000000000006, 6.70019801980198) 
(33.62950495049506, 36.12554455445545, 3.1681188118811905, 32.27207920792079, 35.54336633663366, 2.542376237623764, 35.99386138613862, 1.2554455445544563, 32.71168316831684, 2.0805940594059416) 
(34.06336633663368, 37.06257425742574, 1.3297029702970307, 33.18831683168317, 36.54415841584159, 0.7469306930693075, 35.95564356435645, 0.7530693069306936, 33.69980198019802, 0.9299009900990106) 
(34.17940594059405, 37.10613861386138, 1.2918811881188126, 33.368316831683174, 36.36712871287129, 0.6631683168316836, 36.124356435643584, 0.5370297029702973, 33.50316831683168, 0.6811881188118817) 
(33.472277227722785, 38.21425742574257, 42.0, 32.7691089108911, 37.01524752475248, 42.0, 37.5049504950495, 41.95683168316831, 32.43247524752475, 41.97247524752476) 
(34.847326732673245, 38.47326732673268, 42.0, 33.398811881188124, 37.980594059405924, 41.966930693069315, 37.82257425742576, 42.0, 33.91920792079209, 42.0) 
(33.66752475247526, 38.613663366336645, 42.0, 32.54871287128714, 37.99009900990099, 42.0, 36.50495049504951, 39.68772277227722, 32.92811881188119, 42.0) 
(33.97920792079208, 38.79702970297031, 42.0, 32.6980198019802, 38.122376237623754, 41.975643564356446, 38.38178217821783, 41.99920792079209, 33.15465346534655, 41.994059405940604) 
(34.07762376237624, 38.820990099009904, 42.0, 33.07623762376239, 38.71188118811882, 41.994059405940604, 38.41465346534653, 41.995049504950494, 32.969306930693065, 41.99920792079209) 
(34.14693069306931, 39.1019801980198, 42.0, 33.579207920792086, 38.465940594059404, 41.98118811881188, 38.576039603960396, 42.0, 33.13702970297031, 42.0) 
(34.46752475247526, 39.032475247524765, 42.0, 33.27386138613862, 38.62495049504951, 41.99722772277229, 38.601782178217825, 41.99940594059407, 33.161782178217834, 41.8829702970297) 
(34.6708910891089, 39.07366336633664, 42.0, 33.436039603960396, 38.78217821782177, 41.99722772277229, 38.671881188118796, 41.986138613861385, 33.96673267326734, 41.986138613861385) 
(35.07564356435643, 39.365346534653476, 42.0, 33.8289108910891, 38.762970297029696, 41.96851485148516, 38.48772277227724, 41.96237623762375, 33.57267326732674, 42.0) 
(34.658415841584166, 39.15603960396041, 42.0, 34.136039603960405, 38.25564356435644, 42.0, 38.79247524752477, 41.984752475247525, 33.6691089108911, 41.975643564356446) 
(34.38158415841585, 39.04653465346536, 42.0, 33.662772277227724, 38.763168316831695, 42.0, 38.74000000000001, 41.95663366336633, 33.70158415841584, 41.99247524752475) 
(34.16237623762377, 38.84712871287129, 42.0, 33.754257425742566, 38.19386138613862, 41.960792079207934, 37.59980198019803, 41.890297029702985, 33.26970297029704, 41.98455445544554) 
(33.355643564356434, 38.34237623762375, 41.99386138613862, 31.128118811881198, 35.93940594059407, 41.687524752475255, 37.79821782178218, 41.92673267326733, 32.75742574257427, 41.92673267326733) 
(29.153069306930693, 32.95346534653466, 41.82752475247526, 27.866930693069317, 32.73603960396039, 41.53762376237624, 32.26316831683169, 41.338415841584165, 28.80039603960396, 41.62059405940595) 
(27.475247524752486, 26.35326732673269, 40.45801980198019, 9.472079207920787, 10.638217821782176, 38.72514851485148, 23.449108910891105, 13.289108910891084, 23.9091089108911, 27.019207920792084) 
(28.695841584158412, 27.569504950495038, 34.5229702970297, 8.689306930693068, 8.004158415841585, 32.6869306930693, 24.061782178217825, 7.558811881188118, 28.067326732673287, 12.2190099009901) 
(33.31564356435644, 32.53366336633664, 17.08534653465347, 21.61366336633664, 21.748712871287143, 16.528910891089108, 31.716237623762375, 3.319405940594061, 31.922772277227725, 4.691485148514853) 
(34.93168316831684, 34.71643564356435, 3.878811881188122, 32.86930693069307, 32.218019801980205, 3.666534653465349, 34.296039603960395, 1.8271287128712883, 34.0780198019802, 1.8330693069306945) 
(35.43069306930692, 35.398613861386146, 1.9976237623762392, 34.63049504950495, 34.77188118811882, 1.1360396039603968, 34.969108910891094, 0.9461386138613868, 34.82396039603961, 1.0362376237623767) 
(35.32178217821782, 35.35683168316832, 1.033465346534654, 34.029504950495046, 34.51841584158415, 0.6394059405940599, 34.76534653465348, 0.6988118811881193, 34.305544554455444, 0.7700990099009906) 
(34.71702970297031, 37.46257425742575, 42.0, 33.268118811881195, 36.85584158415841, 41.98514851485148, 36.153861386138615, 41.24851485148515, 33.66554455445545, 42.0) 
(33.60574257425741, 38.39168316831681, 42.0, 32.26495049504951, 37.945346534653474, 41.98336633663367, 37.785544554455434, 42.0, 32.36118811881188, 41.98059405940594) 
(33.575247524752484, 38.33564356435642, 42.0, 32.56079207920793, 38.187920792079204, 41.994059405940604, 37.82277227722772, 42.0, 32.997623762376236, 41.99623762376238) 
(34.02019801980198, 38.63722772277227, 42.0, 32.53089108910891, 37.59940594059408, 41.99762376237624, 37.91049504950495, 41.98059405940594, 32.6429702970297, 41.98514851485148) 
(34.09485148514852, 38.6439603960396, 42.0, 33.16871287128713, 38.14930693069307, 42.0, 37.526930693069296, 42.0, 33.44237623762377, 41.984158415841584) 
(34.325148514851485, 39.068118811881185, 42.0, 33.48792079207921, 38.27504950495049, 41.985742574257436, 38.2651485148515, 41.99089108910891, 33.60019801980199, 42.0) 
(34.338019801980195, 38.87207920792079, 42.0, 33.56000000000001, 38.612673267326734, 42.0, 38.570099009901, 42.0, 33.38376237623763, 41.99089108910891) 
(34.55920792079208, 39.122772277227725, 42.0, 34.06653465346535, 38.52871287128712, 41.98554455445544, 38.40930693069307, 41.98613861386138, 33.53920792079208, 42.0) 
(34.55346534653466, 39.05366336633664, 42.0, 33.07485148514852, 38.799009900990086, 41.98693069306931, 38.93564356435645, 41.97881188118813, 33.62970297029704, 42.0) 
(34.69623762376237, 39.28059405940594, 42.0, 33.55821782178219, 38.50336633663367, 41.98336633663367, 38.87049504950497, 42.0, 33.20574257425743, 41.982178217821776) 
(34.388316831683156, 39.2530693069307, 42.0, 32.74079207920793, 38.49980198019802, 41.964752475247515, 38.54673267326733, 41.987722772277245, 32.899009900990094, 41.93029702970298) 
(33.813069306930686, 39.28514851485148, 42.0, 33.03346534653465, 38.27663366336634, 42.0, 38.71445544554455, 42.0, 32.343960396039606, 41.97603960396041) 
(33.29762376237625, 38.618217821782174, 41.98772277227724, 31.622772277227725, 38.080792079207924, 41.91445544554456, 38.06475247524754, 41.91742574257426, 31.510099009900998, 41.89306930693069) 
(30.696039603960397, 36.88613861386138, 41.9108910891089, 28.094257425742565, 35.61069306930694, 41.83108910891091, 36.39722772277228, 41.742376237623766, 28.399009900990098, 41.80633663366336) 
(23.84811881188121, 24.66079207920793, 41.13841584158417, 16.614257425742583, 21.523168316831686, 40.77544554455447, 21.49465346534653, 17.1340594059406, 21.255841584158425, 27.062970297029707) 
(27.987920792079205, 27.248712871287132, 39.226336633663365, 6.7120792079207945, 7.40138613861386, 36.86138613861386, 25.580792079207928, 11.637821782178218, 26.615643564356446, 14.70138613861386) 
(31.316633663366336, 28.50574257425744, 26.962574257425757, 13.213069306930697, 13.307920792079207, 26.231881188118816, 28.133069306930693, 5.883564356435646, 30.85841584158416, 6.112673267326732) 
(33.447722772277224, 31.224554455445542, 7.4514851485148546, 30.037821782178213, 28.317821782178232, 7.244950495049504, 30.615643564356446, 3.685544554455449, 32.10099009900989, 5.213267326732676) 
(35.89603960396038, 33.802178217821776, 2.5904950495049524, 34.90554455445544, 32.27603960396039, 1.6350495049504963, 33.43069306930695, 1.1845544554455452, 35.134455445544546, 1.2299009900990108) 
(35.831287128712866, 33.97148514851485, 1.3073267326732683, 35.38554455445545, 33.56000000000001, 0.8853465346534659, 33.59128712871287, 0.7871287128712877, 35.27267326732673, 0.8534653465346541) 
(34.47366336633664, 37.700990099009914, 42.0, 33.237821782178216, 36.89584158415841, 42.0, 32.91148514851487, 38.28198019801981, 32.583168316831696, 41.98158415841584) 
(33.57722772277228, 38.20930693069306, 42.0, 32.77663366336633, 37.43247524752474, 41.98059405940594, 37.84079207920792, 42.0, 32.319207920792074, 41.98910891089108) 
(33.737623762376245, 38.51564356435642, 42.0, 32.98257425742574, 37.34930693069306, 42.0, 37.7720792079208, 41.95663366336633, 32.74, 41.948712871287114) 
(33.98851485148516, 38.47643564356436, 42.0, 33.471287128712866, 37.653267326732674, 42.0, 37.47801980198021, 41.99841584158416, 33.23346534653466, 41.99326732673268) 
(34.19643564356434, 38.622772277227725, 42.0, 32.715841584158426, 38.18257425742574, 42.0, 37.94039603960396, 41.99148514851485, 32.678811881188125, 42.0) 
(34.48891089108911, 38.66752475247525, 42.0, 33.742376237623766, 37.761386138613865, 42.0, 38.0229702970297, 41.94178217821783, 33.16396039603961, 42.0) 
(34.5261386138614, 38.76673267326733, 42.0, 33.269504950495055, 38.37742574257426, 42.0, 38.01445544554456, 41.99623762376238, 33.260792079207924, 41.95801980198019) 
(34.839207920792084, 39.000792079207926, 42.0, 33.43188118811881, 38.18673267326733, 41.99386138613862, 38.600396039603964, 42.0, 33.34376237623763, 41.98376237623763) 
(34.80079207920792, 39.05485148514853, 42.0, 33.05485148514851, 38.501188118811875, 42.0, 38.25722772277226, 41.981980198019805, 33.93069306930693, 41.99663366336634) 
(34.60613861386139, 39.09524752475248, 42.0, 33.734653465346526, 38.451485148514855, 41.96910891089109, 38.5382178217822, 41.99861386138614, 33.383366336633664, 41.97920792079209) 
(34.199999999999996, 39.18613861386141, 42.0, 33.41247524752475, 38.80356435643564, 41.9667326732673, 38.918811881188105, 42.0, 32.50019801980198, 41.99465346534654) 
(33.191881188118806, 39.14376237623762, 42.0, 32.09287128712871, 38.34059405940594, 41.99762376237624, 38.45069306930694, 41.93683168316832, 32.08376237623762, 41.95881188118811) 
(32.093267326732686, 39.02811881188119, 42.0, 30.477821782178207, 38.39643564356435, 41.99326732673267, 38.30158415841585, 41.96237623762376, 30.7441584158416, 41.9419801980198) 
(29.44554455445545, 37.99742574257426, 41.991089108910906, 27.67782178217821, 37.1067326732673, 41.823366336633654, 37.42594059405942, 41.96019801980199, 28.275643564356447, 41.879207920792076) 
(23.380396039603962, 32.26990099009902, 41.663762376237635, 19.036633663366334, 29.677821782178228, 41.324752475247536, 31.089900990099007, 40.296633663366336, 20.170099009900994, 41.26079207920791) 
(27.134653465346542, 28.324158415841588, 39.048910891089115, 9.052871287128717, 11.804356435643568, 36.68930693069305, 24.273663366336635, 13.812277227722772, 21.763564356435648, 25.329702970297042) 
(29.452673267326745, 27.686534653465355, 34.6150495049505, 7.327326732673269, 8.176039603960398, 33.31722772277226, 25.65900990099011, 7.643564356435645, 28.26514851485149, 11.343960396039602) 
(31.941782178217817, 28.694653465346533, 14.751485148514854, 25.263168316831685, 23.868316831683167, 12.211089108910894, 28.04732673267328, 4.868712871287131, 30.291683168316837, 6.801980198019804) 
(35.22099009900991, 31.68633663366338, 4.156039603960398, 32.939207920792086, 29.06752475247525, 3.940594059405944, 30.930495049504948, 1.942574257425744, 35.03188118811882, 2.4669306930693087) 
(36.05425742574258, 32.56099009900989, 1.7162376237623778, 35.55504950495049, 32.20613861386139, 1.0304950495049512, 31.650297029702983, 0.8087128712871293, 35.3740594059406, 0.991485148514852) 
(33.74376237623764, 37.87128712871287, 42.0, 32.65801980198019, 37.465148514851485, 41.97287128712872, 30.32297029702971, 35.846732673267326, 33.095445544554465, 42.0) 
(33.96396039603962, 37.87683168316831, 42.0, 32.884950495049495, 37.820198019802, 42.0, 37.32514851485149, 42.0, 32.85584158415841, 42.0) 
(33.82910891089109, 38.21960396039604, 42.0, 33.16316831683168, 37.04693069306931, 42.0, 37.335643564356445, 41.981980198019805, 32.53544554455445, 41.92732673267327) 
(34.16851485148515, 38.21603960396039, 42.0, 33.659009900990085, 37.44930693069308, 41.98, 37.538217821782204, 41.995049504950494, 32.836039603960394, 42.0) 
(34.442970297029724, 38.365544554455454, 42.0, 33.60396039603961, 37.24712871287129, 41.99722772277229, 37.31386138613863, 42.0, 33.55425742574257, 41.998811881188125) 
(34.37742574257427, 38.51960396039603, 42.0, 33.244356435643574, 37.38574257425741, 42.0, 37.95702970297031, 41.990099009900995, 33.673861386138626, 41.974851485148534) 
(34.37643564356436, 38.55207920792079, 42.0, 33.35089108910891, 37.99801980198021, 41.99920792079209, 37.92059405940594, 42.0, 33.392277227722786, 41.98871287128713) 
(34.39524752475247, 38.73049504950496, 42.0, 33.19366336633664, 38.38376237623763, 41.992871287128715, 37.94495049504951, 41.99623762376238, 33.324554455445565, 41.97683168316833) 
(34.29762376237624, 38.91247524752476, 42.0, 33.05504950495052, 38.5211881188119, 42.0, 38.19960396039605, 41.979603960396034, 33.06475247524754, 42.0) 
(33.813663366336634, 38.88514851485151, 42.0, 32.788118811881205, 38.631089108910885, 41.986138613861385, 38.41742574257426, 41.99326732673268, 33.04237623762377, 42.0) 
(33.14059405940594, 39.19782178217822, 42.0, 31.500990099009893, 38.75287128712871, 41.95524752475248, 38.789702970297036, 42.0, 32.65346534653465, 42.0) 
(32.24217821782178, 39.26138613861386, 42.0, 31.28455445544554, 38.616237623762366, 41.98336633663367, 38.57702970297029, 41.982970297029695, 30.508514851485153, 41.957425742574245) 
(30.564752475247527, 39.17564356435643, 42.0, 27.451683168316833, 38.55524752475248, 41.98118811881188, 38.56455445544555, 41.82039603960394, 28.991485148514855, 41.95029702970297) 
(27.82475247524752, 38.95960396039604, 41.99683168316832, 25.741386138613873, 38.308118811881165, 41.94158415841584, 38.45861386138614, 41.87881188118813, 25.737029702970307, 41.91742574257426) 
(21.319801980198022, 36.65900990099012, 41.97465346534653, 19.135049504950494, 36.61742574257426, 41.858217821782176, 35.96138613861386, 41.86772277227723, 21.001782178217816, 41.76574257425743) 
(22.20237623762377, 29.28257425742574, 40.95861386138615, 12.998811881188125, 25.766732673267335, 39.61861386138615, 18.614257425742586, 12.645148514851485, 14.406336633663365, 37.50475247524752) 
(25.846336633663366, 23.581584158415847, 36.99762376237622, 6.336435643564355, 8.116633663366338, 34.330891089108924, 20.330495049504957, 6.465148514851484, 21.012277227722777, 12.284158415841587) 
(31.038019801980205, 28.531485148514847, 28.08336633663367, 12.279801980198023, 12.509504950495048, 26.909108910891092, 25.62079207920793, 4.8623762376237645, 28.544752475247535, 7.2318811881188125) 
(32.15485148514851, 28.938415841584167, 10.960396039603959, 27.98138613861387, 25.311683168316844, 8.104554455445545, 27.722574257425755, 4.860396039603962, 31.004356435643558, 5.589306930693072) 
(35.54673267326733, 31.452277227722778, 2.2631683168316847, 34.678613861386154, 30.57366336633664, 0.8813861386138621, 30.69386138613861, 0.8954455445544562, 35.443564356435644, 1.0736633663366346) 
(33.805544554455444, 36.844554455445554, 42.0, 32.852673267326736, 35.816237623762376, 41.98118811881188, 29.08237623762377, 37.0249504950495, 33.27782178217823, 41.99049504950495) 
(33.8431683168317, 37.17564356435644, 42.0, 33.33306930693071, 36.36693069306931, 42.0, 36.91326732673266, 42.0, 32.99861386138614, 41.98831683168317) 
(33.96732673267327, 37.567524752475265, 42.0, 33.157029702970306, 36.69405940594059, 41.982772277227724, 36.74475247524752, 41.96653465346536, 33.007128712871285, 41.974257425742564) 
(34.10613861386139, 37.71544554455446, 42.0, 33.67623762376238, 37.44158415841584, 41.99227722772277, 36.92237623762378, 41.54910891089108, 33.66495049504949, 42.0) 
(34.30891089108912, 38.10673267326733, 42.0, 33.040990099009896, 37.49960396039604, 42.0, 37.75366336633664, 41.99069306930693, 33.82792079207922, 41.99069306930693) 
(34.106732673267324, 38.15405940594061, 42.0, 33.42653465346536, 37.62970297029703, 41.99623762376238, 37.461188118811876, 42.0, 32.76217821782177, 41.981782178217806) 
(34.54277227722774, 38.274257425742576, 42.0, 33.45188118811882, 37.834653465346555, 42.0, 37.83425742574258, 42.0, 33.212475247524765, 41.98752475247525) 
(34.08415841584159, 38.551683168316835, 42.0, 33.13386138613861, 38.14633663366336, 42.0, 38.222376237623756, 42.0, 32.70257425742574, 41.99049504950495) 
(33.86950495049504, 38.81247524752476, 42.0, 33.30891089108911, 37.98831683168317, 41.98554455445544, 38.44851485148516, 41.98178217821782, 33.52039603960396, 41.98178217821782) 
(33.462376237623765, 39.05485148514849, 42.0, 31.9980198019802, 38.41841584158416, 42.0, 38.47940594059406, 41.96455445544553, 31.75029702970297, 41.98158415841584) 
(32.12732673267328, 39.14653465346534, 42.0, 30.650693069306932, 38.659405940594056, 41.96435643564357, 38.46316831683168, 41.96732673267328, 31.00851485148516, 41.99227722772277) 
(30.499009900990107, 39.17663366336633, 42.0, 28.75227722772277, 38.33287128712872, 41.984356435643555, 38.78851485148516, 41.984356435643555, 27.80475247524752, 42.0) 
(27.677227722772283, 39.26811881188119, 42.0, 25.63742574257426, 38.94970297029704, 41.97940594059408, 38.76019801980199, 41.95900990099009, 25.43465346534653, 41.960396039603964) 
(23.743564356435645, 39.45524752475248, 42.0, 20.049504950495045, 38.679009900990096, 41.927128712871294, 38.97960396039605, 41.959405940594074, 22.590297029702974, 41.97742574257425) 
(20.898217821782175, 39.161782178217834, 41.9920792079208, 17.418415841584164, 38.45960396039604, 41.910693069306916, 17.172673267326736, 13.124554455445551, 17.020000000000003, 41.949504950495054) 
(20.89148514851485, 37.33940594059406, 41.91227722772278, 11.994851485148516, 35.79980198019802, 41.10653465346535, 16.603168316831677, 11.17980198019802, 11.430099009900996, 41.65445544554455) 
(22.60693069306931, 28.099801980198016, 40.21782178217824, 9.98118811881188, 25.49584158415842, 35.69267326732673, 17.424752475247526, 8.051089108910894, 11.713069306930697, 33.356633663366345) 
(28.07029702970297, 24.928118811881184, 31.887326732673266, 8.01287128712871, 14.230495049504952, 30.858811881188128, 20.4760396039604, 5.613465346534655, 18.057821782178223, 18.52178217821782) 
(30.861386138613863, 28.25544554455445, 20.758019801980197, 20.90079207920792, 20.26732673267327, 15.136435643564365, 25.518811881188128, 4.541584158415844, 27.99524752475248, 6.255049504950495) 
(33.256039603960396, 30.873069306930695, 8.501980198019801, 29.93940594059406, 27.72257425742574, 5.70158415841584, 30.6180198019802, 2.2150495049504966, 32.890099009901, 2.2809900990099026) 
(33.999603960396044, 34.951287128712885, 42.0, 32.72019801980197, 34.0780198019802, 41.988712871287134, 33.77485148514853, 42.0, 33.61920792079207, 41.98178217821784) 
(33.951287128712885, 36.20475247524752, 42.0, 33.02712871287129, 34.8150495049505, 41.98594059405941, 35.70574257425742, 42.0, 33.39128712871287, 42.0) 
(34.198217821782194, 36.93346534653465, 42.0, 32.58633663366337, 35.94693069306931, 41.96673267326734, 35.935049504950506, 41.987326732673274, 32.889306930693074, 42.0) 
(34.31524752475248, 37.00910891089111, 42.0, 32.91881188118813, 36.199009900990106, 42.0, 36.050099009901, 42.0, 33.199405940594055, 41.969900990099006) 
(34.262574257425754, 37.35900990099009, 42.0, 32.72574257425744, 36.84316831683168, 41.98792079207921, 36.15762376237625, 41.99821782178218, 32.49801980198019, 41.97980198019802) 
(34.218811881188124, 37.82950495049505, 42.0, 33.25920792079208, 37.044554455445535, 41.97762376237625, 37.22455445544556, 41.98099009900991, 33.015643564356445, 42.0) 
(34.23168316831684, 37.84079207920792, 42.0, 33.06514851485149, 37.44673267326734, 41.971881188118815, 37.50019801980197, 41.981980198019805, 33.01801980198021, 41.982772277227724) 
(33.88217821782178, 38.32653465346535, 42.0, 32.752475247524764, 37.91009900990099, 42.0, 37.84138613861388, 42.0, 32.885742574257435, 42.0) 
(33.3150495049505, 38.66059405940594, 42.0, 31.912673267326728, 37.852871287128714, 42.0, 37.90118811881188, 42.0, 31.950297029702977, 42.0) 
(32.11762376237623, 38.8350495049505, 42.0, 30.172277227722784, 38.25544554455446, 42.0, 38.64396039603962, 42.0, 31.899801980198042, 42.0) 
(30.5510891089109, 39.00455445544556, 42.0, 28.43841584158416, 38.50059405940595, 41.97148514851485, 38.441980198019806, 41.97485148514852, 29.375643564356448, 41.96138613861384) 
(27.737623762376238, 39.198613861386164, 42.0, 25.630495049504958, 38.68514851485149, 41.97544554455447, 38.54079207920794, 41.981980198019805, 25.48475247524752, 41.9869306930693) 
(24.15821782178218, 39.37485148514851, 42.0, 21.663564356435646, 38.808316831683165, 41.990099009900995, 38.863762376237645, 41.958217821782156, 22.20752475247525, 41.981980198019805) 
(19.585346534653475, 39.483960396039606, 42.0, 16.687920792079208, 39.254257425742566, 41.99168316831683, 38.867722772277226, 41.963168316831684, 16.97089108910891, 41.98930693069308) 
(19.929504950495048, 39.71900990099011, 41.99683168316832, 12.53683168316832, 38.847722772277244, 41.97920792079208, 18.994257425742568, 16.419801980198024, 13.599603960396045, 41.97445544554455) 
(20.065742574257428, 39.54158415841584, 41.983960396039606, 8.193663366336633, 38.832079207920806, 41.908712871287115, 17.47524752475248, 13.498811881188125, 8.1819801980198, 41.855841584158405) 
(22.909504950495048, 37.92930693069309, 41.62415841584159, 6.294653465346534, 36.14653465346534, 40.72099009900991, 19.003168316831687, 9.53049504950495, 5.797821782178217, 41.34376237623763) 
(24.047920792079218, 29.583960396039604, 38.55465346534655, 6.12, 26.081980198019806, 36.29782178217821, 15.588712871287129, 4.298811881188121, 6.249108910891089, 35.11445544554454) 
(27.026732673267336, 24.518019801980202, 26.910495049504956, 11.12455445544555, 16.79980198019802, 24.916039603960414, 21.597029702970296, 6.195445544554457, 20.51128712871288, 13.119009900990102) 
(30.63841584158415, 25.636435643564358, 11.81425742574257, 25.81920792079209, 23.96237623762376, 7.445148514851483, 22.78475247524752, 2.221386138613863, 25.638217821782177, 8.460594059405938) 
(34.02277227722772, 26.917425742574267, 42.0, 33.12356435643565, 24.70336633663366, 41.99227722772277, 22.99881188118813, 42.0, 32.90514851485149, 42.0) 
(34.243168316831685, 33.20653465346534, 42.0, 32.79405940594057, 30.509504950495053, 42.0, 31.84118811881188, 42.0, 33.27287128712871, 42.0) 
(34.167128712871296, 35.08376237623762, 42.0, 33.807722772277245, 32.68297029702972, 42.0, 33.05247524752476, 41.99128712871287, 33.07980198019803, 41.968910891089095) 
(34.091881188118805, 35.866138613861395, 42.0, 33.062376237623766, 34.7580198019802, 42.0, 34.86158415841586, 41.993069306930686, 32.60475247524753, 42.0) 
(34.120792079207924, 36.39148514851487, 42.0, 33.44574257425744, 35.929702970297036, 41.99564356435644, 35.977821782178204, 41.97168316831684, 33.640396039603964, 42.0) 
(33.79960396039604, 37.10059405940594, 42.0, 33.221386138613845, 35.95623762376236, 41.9849504950495, 36.35821782178217, 41.97029702970298, 32.631287128712884, 41.9710891089109) 
(33.47267326732673, 37.50930693069307, 42.0, 32.44039603960396, 36.50277227722772, 41.984158415841584, 36.97069306930694, 42.0, 31.565148514851487, 42.0) 
(32.78950495049504, 37.88237623762376, 42.0, 32.24099009900991, 37.232673267326724, 42.0, 37.46871287128713, 42.0, 31.147326732673275, 41.979009900990086) 
(32.24574257425743, 38.24237623762376, 42.0, 30.74237623762377, 37.46336633663366, 41.95920792079207, 37.59049504950495, 41.98316831683168, 30.308316831683168, 41.98752475247526) 
(30.256039603960396, 38.467920792079205, 42.0, 28.784554455445548, 38.08079207920791, 41.994059405940604, 38.195841584158416, 41.97683168316832, 27.92019801980199, 41.987326732673274) 
(27.825148514851488, 39.00712871287129, 42.0, 25.325148514851488, 38.35762376237624, 42.0, 38.480990099009915, 41.98079207920792, 26.635049504950487, 41.982772277227724) 
(23.699009900990113, 39.22297029702969, 42.0, 21.552871287128717, 38.897227722772286, 41.98178217821782, 38.488514851485135, 41.99524752475248, 20.84891089108912, 41.99524752475248) 
(20.53960396039604, 39.41603960396039, 42.0, 18.789504950495054, 39.21049504950496, 41.99584158415841, 39.16396039603961, 41.99049504950495, 17.531287128712876, 41.98712871287129) 
(18.116435643564355, 39.75702970297029, 42.0, 11.561584158415842, 39.23128712871287, 41.95306930693068, 13.12336633663366, 12.845544554455447, 12.651683168316831, 41.982970297029695) 
(16.736831683168315, 39.98811881188119, 42.0, 8.452475247524752, 39.443564356435644, 41.981584158415856, 12.829900990099008, 10.98217821782178, 7.963366336633664, 41.96475247524752) 
(20.26712871287129, 40.344752475247525, 42.0, 5.636633663366339, 39.506336633663366, 41.98059405940594, 13.821386138613862, 10.164158415841584, 6.608118811881187, 41.931683168316816) 
(21.53980198019802, 39.985346534653466, 41.990099009900995, 4.238019801980201, 39.055445544554445, 41.93980198019803, 13.528316831683169, 7.349306930693069, 3.220792079207923, 41.98712871287129) 
(22.698019801980198, 38.28653465346535, 41.83821782178217, 4.39821782178218, 35.65742574257426, 39.414653465346525, 12.791485148514852, 5.417029702970297, 2.4596039603960413, 41.39861386138614) 
(26.038613861386132, 29.35881188118812, 35.560792079207914, 8.935247524752478, 26.118019801980203, 28.439405940594064, 15.577227722772282, 3.7946534653465376, 6.232277227722773, 32.52019801980199) 
(27.15762376237625, 22.31287128712872, 19.81366336633664, 16.362574257425745, 20.897227722772282, 17.693069306930695, 15.294257425742574, 2.256039603960397, 17.389108910891093, 13.103762376237624) 
(32.86138613861386, 7.6980198019801955, 42.0, 31.65267326732674, 5.287326732673268, 42.0, 5.565346534653466, 42.0, 31.62356435643564, 39.26831683168317) 
(33.942178217821784, 25.45544554455445, 42.0, 32.8481188118812, 21.743762376237626, 41.99386138613862, 21.98871287128713, 41.993465346534656, 33.12554455445546, 41.99425742574258) 
(34.01089108910893, 30.545148514851487, 42.0, 32.91980198019801, 27.80376237623763, 41.994059405940604, 27.840792079207937, 41.99445544554456, 32.415841584158414, 41.982376237623754) 
(33.80574257425744, 32.396237623762374, 42.0, 32.620000000000005, 31.561980198019807, 41.993663366336634, 30.29188118811881, 41.995445544554464, 32.182970297029705, 41.84831683168317) 
(33.78653465346535, 34.50257425742575, 42.0, 32.95168316831684, 33.9459405940594, 41.99227722772277, 33.340198019801974, 41.97128712871288, 32.43980198019802, 42.0) 
(33.62099009900991, 36.116039603960395, 42.0, 31.871089108910898, 35.14831683168316, 41.982772277227724, 35.39821782178217, 41.96376237623764, 31.81049504950496, 42.0) 
(32.706534653465354, 36.5920792079208, 42.0, 31.618613861386144, 35.75742574257424, 41.984950495049524, 36.080594059405925, 41.962178217821766, 31.354059405940596, 41.98910891089108) 
(31.766534653465357, 37.0641584158416, 42.0, 31.495445544554457, 36.49702970297029, 41.993465346534656, 36.57465346534652, 41.98712871287129, 30.256633663366344, 41.99227722772277) 
(30.59148514851485, 37.83445544554455, 42.0, 28.530693069306924, 37.010891089108924, 42.0, 37.08396039603961, 41.98178217821782, 28.09346534653465, 42.0) 
(28.118217821782178, 38.3120792079208, 42.0, 25.895445544554452, 37.44356435643565, 41.987326732673274, 37.06990099009901, 41.92574257425741, 25.224158415841597, 41.97386138613862) 
(25.37168316831683, 38.661386138613885, 42.0, 24.657227722772284, 37.9570297029703, 42.0, 37.73069306930693, 42.0, 21.297821782178215, 41.98138613861386) 
(20.06970297029704, 39.156633663366335, 42.0, 18.459999999999997, 38.40653465346534, 41.986732673267326, 38.259207920792065, 41.977227722772284, 18.06316831683168, 42.0) 
(18.510495049504957, 39.611485148514845, 42.0, 13.284554455445546, 39.18356435643564, 41.97524752475248, 16.956831683168318, 20.053069306930706, 12.478613861386137, 41.992871287128715) 
(17.19128712871287, 39.884554455445546, 42.0, 8.262178217821779, 39.431881188118815, 41.9980198019802, 8.557425742574257, 8.752079207920794, 7.498811881188119, 41.985148514851495) 
(17.511881188118814, 40.25980198019801, 42.0, 6.528910891089109, 39.87049504950495, 41.969900990099006, 11.66019801980198, 11.137821782178221, 6.229504950495049, 41.978613861386144) 
(17.575049504950496, 40.31881188118811, 41.99821782178218, 3.772871287128716, 39.7720792079208, 41.979405940594056, 11.838019801980195, 10.04, 3.908910891089112, 41.95089108910892) 
(19.280594059405953, 40.50712871287129, 42.0, 3.0722772277227746, 40.17960396039604, 41.96930693069308, 15.846138613861392, 11.357029702970296, 3.0461386138613884, 41.94732673267328) 
(21.86257425742575, 40.23485148514853, 41.995247524752486, 1.79881188118812, 39.774257425742576, 41.95920792079209, 10.837623762376237, 5.562178217821783, 2.0390099009901004, 41.90633663366336) 
(24.270099009901, 38.33782178217823, 41.912673267326724, 3.788514851485152, 36.087326732673276, 38.70059405940594, 13.9859405940594, 6.864158415841582, 1.5334653465346548, 41.899801980198006) 
(25.066138613861384, 26.803960396039614, 29.9930693069307, 11.872871287128712, 23.74990099009901, 25.286930693069305, 13.12079207920792, 3.0322772277227745, 8.437029702970296, 29.24435643564357) 
(31.759801980198027, 2.7447524752475267, 42.0, 30.903960396039608, 1.107128712871288, 42.0, 1.013267326732674, 42.0, 13.903762376237625, 8.573861386138615) 
(34.35683168316832, 11.7429702970297, 42.0, 33.425544554455435, 9.267920792079208, 41.986138613861385, 6.004356435643567, 41.485148514851495, 33.499207920792074, 42.0) 
(34.03900990099009, 19.04079207920792, 42.0, 33.04475247524752, 16.68574257425743, 42.0, 16.10930693069307, 41.9849504950495, 32.20198019801981, 41.99247524752475) 
(33.656435643564365, 25.21326732673268, 42.0, 32.28831683168319, 23.768712871287132, 41.99643564356436, 21.861782178217823, 42.0, 32.07702970297029, 42.0) 
(33.69049504950495, 30.216435643564363, 42.0, 32.607920792079206, 26.76534653465347, 42.0, 26.012277227722784, 42.0, 31.820594059405934, 42.0) 
(33.118613861386144, 33.30396039603962, 42.0, 30.999603960396044, 32.34158415841585, 42.0, 31.82376237623763, 42.0, 30.403762376237626, 42.0) 
(31.725544554455464, 34.61346534653465, 42.0, 29.668118811881197, 33.546336633663365, 42.0, 33.578217821782204, 41.98514851485148, 30.360990099009914, 41.912871287128716) 
(30.063168316831685, 36.162376237623775, 42.0, 27.683366336633668, 35.021782178217805, 41.99227722772277, 35.33960396039604, 41.965544554455455, 27.677227722772283, 41.982772277227724) 
(28.536435643564364, 37.01584158415841, 42.0, 27.013069306930696, 36.20376237623763, 41.99148514851485, 36.28495049504951, 41.971683168316815, 25.98198019801981, 42.0) 
(25.158415841584162, 38.0710891089109, 42.0, 23.070693069306937, 37.064356435643575, 41.96930693069306, 36.63128712871289, 41.9960396039604, 21.126732673267327, 41.9910891089109) 
(21.111683168316837, 38.58257425742574, 42.0, 18.136435643564358, 37.71168316831685, 41.9849504950495, 37.56930693069308, 41.976831683168314, 17.739009900990105, 42.0) 
(18.704554455445543, 39.205940594059406, 42.0, 12.144752475247524, 38.6669306930693, 41.97564356435643, 17.35861386138614, 22.939009900990115, 12.89643564356436, 41.968118811881205) 
(17.729504950495052, 39.65445544554455, 42.0, 8.839207920792077, 39.54831683168319, 41.96851485148516, 8.945346534653467, 12.615841584158416, 9.066336633663363, 41.98336633663367) 
(18.03623762376237, 40.07564356435644, 42.0, 5.507920792079207, 39.65722772277226, 41.950891089108914, 10.3990099009901, 13.229900990099008, 5.65821782178218, 41.96871287128712) 
(19.283762376237632, 40.4669306930693, 42.0, 3.747722772277232, 39.81920792079209, 41.981980198019805, 7.608712871287128, 9.171287128712867, 3.2186138613861406, 42.0) 
(17.8940594059406, 40.454653465346524, 42.0, 2.1930693069306946, 40.42396039603962, 41.9758415841584, 12.018811881188117, 12.90910891089109, 2.325544554455447, 41.9758415841584) 
(20.87544554455446, 40.73683168316831, 42.0, 1.8990099009901005, 39.96871287128715, 41.97544554455446, 9.190495049504948, 6.8619801980198005, 2.3069306930693085, 41.98138613861388) 
(20.490891089108903, 40.53544554455447, 42.0, 1.4499009900990107, 40.248118811881184, 41.959405940594046, 9.572079207920796, 7.004356435643564, 1.2966336633663376, 41.98257425742575) 
(22.79623762376237, 39.700990099009914, 41.35049504950496, 1.8243564356435655, 39.24118811881188, 41.04099009900991, 9.941584158415843, 6.603762376237624, 1.2487128712871296, 41.33306930693068) 
(23.55584158415842, 36.9550495049505, 38.80376237623762, 3.1518811881188147, 35.47326732673268, 38.114257425742586, 10.5219801980198, 7.155049504950492, 3.4512871287128735, 37.658613861386144) 
(31.659207920792078, 1.814257425742576, 42.0, 30.063168316831685, 0.40772277227722803, 41.99267326732673, 0.34594059405940614, 42.0, 16.746336633663372, 10.83069306930693) 
(35.409504950495055, 2.8106930693069327, 42.0, 34.689900990099005, 1.3679207920792087, 41.99168316831683, 1.5243564356435657, 42.0, 34.52712871287129, 42.0) 
(34.38554455445546, 7.735841584158415, 42.0, 33.53584158415841, 4.984554455445545, 41.99049504950496, 5.727326732673268, 41.95900990099009, 33.20574257425743, 42.0) 
(34.20336633663368, 12.585940594059409, 42.0, 33.880594059405944, 9.415445544554451, 41.97782178217822, 9.599801980198018, 41.98574257425742, 32.26415841584159, 42.0) 
(33.34178217821782, 19.07940594059406, 42.0, 33.09980198019801, 15.379405940594063, 42.0, 16.37881188118812, 42.0, 31.087524752475243, 41.97564356435642) 
(32.49326732673266, 24.69287128712872, 42.0, 30.969504950495057, 23.741980198019807, 42.0, 23.524752475247524, 41.994851485148516, 30.159207920792078, 41.984158415841584) 
(31.011485148514854, 31.201980198019815, 42.0, 29.782178217821773, 27.58336633663366, 41.99168316831683, 28.08079207920792, 41.99168316831683, 27.148514851485153, 41.99148514851485) 
(28.259207920792097, 33.52336633663366, 42.0, 26.535049504950486, 31.926534653465357, 41.99742574257426, 31.64257425742574, 42.0, 25.01445544554457, 42.0) 
(24.578019801980204, 35.909306930693084, 42.0, 22.54871287128714, 33.94475247524752, 41.96930693069306, 34.17623762376238, 41.95445544554455, 20.024752475247528, 41.984752475247525) 
(22.78, 37.24217821782179, 42.0, 19.160396039603963, 36.163762376237635, 41.99089108910891, 15.148910891089107, 24.69425742574259, 16.104356435643563, 41.9869306930693) 
(19.610297029702977, 38.3728712871287, 42.0, 12.616039603960388, 37.8392079207921, 41.97861386138615, 14.433663366336633, 22.420198019801983, 12.195445544554458, 41.95623762376236) 
(17.630495049504955, 39.220198019801984, 42.0, 8.100594059405939, 38.49861386138616, 41.99326732673268, 11.709504950495043, 17.751089108910893, 7.273069306930693, 41.977821782178225) 
(17.164158415841587, 39.746336633663354, 42.0, 5.721584158415843, 39.18851485148516, 41.98356435643564, 9.163168316831683, 15.506732673267335, 4.764356435643567, 41.99425742574258) 
(18.206138613861384, 40.130693069306936, 42.0, 4.405148514851487, 39.73485148514852, 41.97049504950496, 9.106534653465346, 13.902376237623761, 3.4940594059405967, 41.97544554455446) 
(18.815841584158427, 40.491287128712884, 42.0, 2.8295049504950516, 40.08435643564354, 41.98316831683168, 5.767128712871289, 8.47881188118812, 2.4001980198019814, 42.0) 
(18.864158415841594, 40.601782178217825, 42.0, 1.9043564356435656, 40.02970297029703, 41.977821782178225, 6.302772277227723, 7.846534653465346, 1.6706930693069317, 41.96019801980197) 
(20.054851485148518, 40.67049504950495, 42.0, 1.536039603960397, 40.26178217821784, 41.96891089108912, 8.600198019801981, 9.069504950495054, 1.3433663366336641, 42.0) 
(23.71881188118813, 40.78039603960394, 42.0, 1.1124752475247532, 40.271683168316834, 41.97029702970298, 5.908514851485148, 4.875643564356436, 1.0471287128712878, 41.99148514851485) 
(21.955049504950495, 40.502178217821786, 41.71128712871288, 1.2734653465346544, 40.14396039603961, 41.646534653465345, 11.306534653465352, 10.867920792079204, 1.239801980198021, 41.554653465346554) 
(25.868316831683167, 39.05445544554456, 40.87306930693069, 1.572871287128714, 38.64277227722773, 40.79742574257425, 6.618217821782179, 4.532277227722777, 1.7837623762376253, 40.66930693069308) 
(31.365544554455443, 1.643564356435645, 42.0, 30.1829702970297, 0.14554455445544562, 42.0, 0.21326732673267346, 42.0, 12.554257425742572, 7.253069306930694) 
(35.661980198019805, 1.3384158415841592, 42.0, 34.87960396039604, 0.474653465346535, 41.99782178217823, 0.5683168316831686, 41.78712871287129, 7.610297029702973, 4.48752475247525) 
(34.43742574257426, 3.458811881188121, 42.0, 33.42059405940596, 2.0219801980198038, 41.99900990099011, 1.6792079207920805, 41.99722772277229, 33.04316831683169, 42.0) 
(35.05485148514852, 5.124554455445546, 42.0, 34.30752475247525, 4.00732673267327, 41.9960396039604, 3.3574257425742595, 41.999801980198015, 33.38237623762377, 41.97465346534652) 
(34.52712871287128, 8.392673267326735, 42.0, 33.53227722772278, 5.855445544554456, 41.99227722772277, 5.3847524752475255, 41.96138613861385, 33.35247524752476, 41.99940594059407) 
(33.39683168316831, 13.491287128712873, 42.0, 31.80336633663367, 10.810099009900984, 41.98079207920792, 9.555841584158415, 42.0, 31.644356435643573, 42.0) 
(31.229702970297037, 22.234257425742577, 42.0, 29.15603960396041, 18.093465346534657, 41.99188118811881, 16.310099009900995, 41.9849504950495, 26.466336633663374, 41.94336633663367) 
(27.582376237623766, 27.577227722772285, 42.0, 24.011287128712876, 25.66930693069308, 42.0, 22.806138613861393, 42.0, 23.168514851485153, 41.99168316831684) 
(24.229504950495052, 33.14534653465348, 42.0, 19.370693069306938, 32.12653465346535, 42.0, 29.802376237623765, 41.99702970297031, 17.468514851485153, 41.966336633663374) 
(20.283564356435647, 36.21128712871287, 42.0, 14.706930693069316, 34.293267326732675, 41.993663366336634, 16.134257425742575, 28.0231683168317, 11.530297029702968, 42.0) 
(19.564356435643568, 37.77742574257426, 42.0, 9.378019801980194, 37.241386138613855, 41.990099009901, 11.611683168316835, 21.00792079207921, 9.206930693069305, 41.98118811881188) 
(16.015445544554456, 39.25524752475248, 42.0, 4.846336633663367, 38.25900990099009, 41.995049504950494, 11.465544554455443, 19.269306930693077, 4.770297029702973, 41.99702970297031) 
(15.713069306930695, 39.96455445544556, 42.0, 3.720990099009904, 39.529900990099016, 41.98316831683168, 7.7332673267326735, 13.831881188118812, 3.1427722772277247, 41.99762376237624) 
(17.883564356435645, 40.26752475247525, 42.0, 2.3875247524752488, 39.94574257425744, 41.99326732673268, 5.572079207920794, 10.71069306930693, 2.3394059405940606, 42.0) 
(18.78396039603961, 40.38079207920793, 42.0, 1.5603960396039616, 39.93782178217821, 42.0, 4.89782178217822, 9.219405940594061, 1.7691089108910905, 41.969900990099006) 
(18.71465346534654, 40.633069306930715, 42.0, 1.2879207920792088, 40.07980198019802, 41.98970297029703, 4.375247524752477, 7.2996039603960385, 1.4330693069306941, 42.0) 
(20.307128712871293, 40.717029702970294, 42.0, 1.2358415841584167, 40.29049504950496, 41.96019801980197, 7.265940594059407, 8.459009900990099, 1.0017821782178224, 41.98099009900991) 
(22.734257425742577, 40.63069306930693, 41.99425742574258, 0.9423762376237632, 40.337821782178224, 41.97128712871288, 4.759405940594061, 4.96772277227723, 0.7922772277227726, 41.94376237623762) 
(23.912079207920804, 40.64376237623762, 41.97782178217822, 0.877425742574258, 40.43861386138612, 41.97782178217822, 6.845148514851482, 6.850891089108911, 0.7645544554455451, 41.971881188118815) 
(29.030099009900997, 37.17960396039604, 38.568118811881185, 2.7506930693069327, 37.13069306930693, 38.522970297029694, 3.7671287128712896, 2.633465346534656, 2.7122772277227742, 38.53386138613861) 
(31.457623762376244, 1.103366336633664, 42.0, 30.195247524752485, 0.14514851485148525, 42.0, 0.09980198019801988, 42.0, 5.496435643564357, 2.792871287128715) 
(35.76574257425744, 1.0827722772277235, 42.0, 34.582376237623755, 0.2906930693069309, 42.0, 0.30693069306930715, 41.975643564356446, 9.690099009900985, 5.904752475247526) 
(34.45485148514852, 1.7639603960396053, 42.0, 33.61900990099009, 0.9700990099009908, 41.96653465346535, 0.8021782178217828, 41.986732673267326, 33.14653465346536, 42.0) 
(35.01683168316833, 2.157623762376239, 42.0, 33.93643564356435, 1.2801980198019811, 42.0, 1.4041584158415852, 41.97762376237624, 33.6209900990099, 42.0) 
(35.53425742574258, 3.1516831683168336, 42.0, 34.49326732673268, 2.030495049504952, 42.0, 1.906732673267328, 42.0, 34.17128712871288, 41.999603960396044) 
(35.194455445544556, 6.1944554455445555, 42.0, 35.15623762376237, 3.0700990099009924, 41.979009900990114, 3.4950495049504973, 41.995445544554464, 32.256039603960396, 42.0) 
(33.657029702970306, 10.833861386138611, 42.0, 30.98396039603961, 8.851881188118812, 41.97861386138615, 6.65009900990099, 42.0, 29.109702970297036, 42.0) 
(28.233861386138617, 19.389108910891096, 42.0, 26.318019801980203, 15.069108910891094, 41.95920792079207, 14.478217821782183, 41.9980198019802, 22.508910891089112, 41.995445544554464) 
(24.352673267326736, 28.780594059405946, 42.0, 16.287920792079213, 27.736633663366348, 42.0, 15.752871287128714, 37.755841584158404, 15.190495049504953, 41.97267326732672) 
(20.9481188118812, 36.06930693069308, 42.0, 8.583366336633665, 35.943564356435644, 41.97900990099011, 9.543366336633667, 23.991683168316836, 8.53188118811881, 41.97900990099011) 
(17.800198019801982, 37.74910891089108, 42.0, 8.480198019801978, 35.63267326732672, 42.0, 9.555049504950496, 20.71643564356436, 6.291881188118813, 42.0) 
(15.591881188118812, 39.184554455445536, 42.0, 4.1380198019802, 38.45881188118811, 41.99326732673268, 8.414257425742573, 17.383168316831693, 3.5966336633663394, 42.0) 
(16.829702970297035, 39.98851485148514, 42.0, 2.3590099009901007, 39.279207920792096, 41.99326732673268, 7.728712871287127, 16.2540594059406, 2.2643564356435655, 41.99643564356436) 
(16.301980198019805, 39.95623762376238, 42.0, 1.944554455445546, 39.309702970297025, 42.0, 7.588118811881187, 14.62772277227723, 1.4811881188118823, 42.0) 
(18.233861386138607, 40.33306930693069, 42.0, 1.1073267326732683, 39.83485148514853, 42.0, 7.1136633663366355, 10.990891089108912, 1.14930693069307, 41.98851485148516) 
(20.70910891089109, 40.42811881188119, 42.0, 1.0168316831683175, 40.254059405940595, 41.98316831683168, 6.3764356435643545, 10.094257425742574, 0.9237623762376244, 41.97386138613862) 
(20.24455445544554, 40.614059405940594, 42.0, 0.8041584158415847, 40.061386138613855, 41.97287128712872, 7.578613861386139, 9.107722772277226, 0.9405940594059412, 42.0) 
(23.015841584158427, 40.10138613861386, 41.60891089108912, 1.035247524752476, 39.82673267326732, 41.461782178217845, 3.820198019801983, 4.409108910891091, 0.9106930693069314, 41.44970297029703) 
(24.265148514851493, 40.67267326732672, 41.982772277227724, 0.76950495049505, 40.53801980198021, 41.98059405940594, 4.234455445544556, 4.532673267326735, 0.6077227722772282, 41.975247524752476) 
(26.994059405940607, 33.995445544554464, 35.17168316831684, 5.176831683168318, 33.896039603960396, 35.071485148514846, 4.0198019801980225, 4.471881188118815, 5.018217821782179, 35.14930693069306) 
(31.282178217821773, 1.0051485148514856, 42.0, 29.955049504950495, 0.08277227722772283, 41.982772277227724, 0.07207920792079214, 41.994059405940604, 7.611683168316832, 3.903960396039607) 
(35.39762376237624, 1.0910891089108918, 42.0, 34.625742574257416, 0.11287128712871294, 41.99920792079209, 0.15445544554455454, 42.0, 7.5310891089108924, 4.223762376237626) 
(34.384950495049516, 1.0837623762376245, 42.0, 33.090099009900996, 0.520594059405941, 41.98831683168317, 0.5904950495049509, 41.959999999999994, 9.585940594059398, 5.387128712871286) 
(34.97089108910892, 1.407128712871288, 42.0, 34.13504950495049, 0.6411881188118816, 41.99326732673268, 0.6180198019801985, 41.9770297029703, 33.70851485148515, 41.98376237623762) 
(35.73524752475248, 1.3732673267326745, 42.0, 35.002970297029705, 0.93940594059406, 42.0, 1.2908910891089118, 42.0, 35.26059405940594, 42.0) 
(36.1879207920792, 2.465940594059408, 42.0, 35.492079207920796, 1.3855445544554466, 42.0, 1.4487128712871296, 41.976435643564365, 34.3770297029703, 41.97861386138615) 
(35.70019801980199, 4.392277227722774, 42.0, 33.966930693069315, 3.0168316831683195, 41.98376237623761, 1.8394059405940608, 41.93742574257426, 33.37920792079209, 42.0) 
(32.52435643564357, 11.444158415841583, 42.0, 29.032871287128724, 9.461188118811883, 42.0, 6.801584158415843, 42.0, 27.746138613861394, 41.99623762376238) 
(23.421782178217825, 22.645544554455448, 42.0, 20.93069306930693, 17.80178217821783, 41.97148514851485, 15.982772277227724, 41.99267326732673, 16.417623762376245, 41.986732673267326) 
(20.140594059405945, 32.084752475247534, 42.0, 9.837425742574261, 30.607920792079206, 42.0, 15.077227722772275, 36.62277227722772, 9.05306930693069, 41.98039603960397) 
(18.237821782178223, 37.10891089108912, 42.0, 5.105544554455447, 35.349108910891104, 41.96792079207922, 6.301584158415843, 19.39247524752476, 4.56811881188119, 41.994059405940604) 
(18.512277227722777, 39.202772277227716, 42.0, 2.0283168316831697, 38.31821782178217, 41.98138613861386, 4.90811881188119, 16.382772277227726, 2.327326732673269, 41.9661386138614) 
(16.676435643564353, 39.702772277227716, 42.0, 1.874851485148516, 39.46396039603961, 41.9960396039604, 4.29683168316832, 11.890693069306934, 1.388316831683169, 41.995445544554464) 
(17.452277227722778, 40.004554455445536, 42.0, 1.1542574257425753, 39.82633663366337, 42.0, 5.931683168316834, 12.356831683168316, 1.4384158415841592, 41.99940594059407) 
(18.18673267326733, 40.32891089108912, 42.0, 1.0162376237623767, 39.58970297029704, 41.995049504950494, 5.76079207920792, 10.839603960396039, 1.1055445544554463, 42.0) 
(20.323564356435643, 40.510495049504975, 42.0, 0.8253465346534659, 40.190099009900976, 41.98316831683168, 5.62950495049505, 9.018019801980195, 0.7611881188118818, 42.0) 
(22.569504950495045, 40.521980198019776, 42.0, 0.7540594059405946, 40.33584158415841, 41.981980198019805, 7.696633663366336, 9.673465346534654, 0.7853465346534659, 41.98891089108911) 
(23.09702970297031, 38.810099009900995, 40.416633663366326, 1.6592079207920805, 38.56475247524752, 40.30336633663367, 8.09861386138614, 9.600198019801978, 1.8877227722772287, 40.33445544554454) 
(25.967722772277227, 35.84831683168317, 36.88099009900989, 4.434059405940596, 35.82356435643564, 36.799603960396034, 6.234455445544553, 6.762772277227723, 4.379801980198023, 36.83881188118813) 
(29.856039603960404, 25.815643564356446, 26.816435643564365, 11.544950495049507, 25.76514851485149, 26.725346534653475, 2.0261386138613875, 2.2499009900990115, 11.5590099009901, 26.783366336633666) 
(31.387722772277243, 0.7940594059405947, 42.0, 30.53128712871287, 0.12198019801980207, 42.0, 0.04831683168316835, 41.97108910891088, 8.875049504950496, 5.066336633663367) 
(35.52712871287129, 0.9732673267326738, 42.0, 33.77287128712873, 0.09148514851485155, 41.99683168316832, 0.10316831683168323, 42.0, 6.365742574257424, 3.0738613861386166) 
(34.37663366336633, 0.8966336633663373, 42.0, 33.77445544554457, 0.36118811881188156, 41.99643564356436, 0.4140594059405944, 42.0, 4.983366336633665, 2.8786138613861407) 
(34.959603960396045, 0.9528712871287136, 42.0, 33.65405940594061, 0.3712871287128716, 41.98831683168317, 0.2926732673267329, 42.0, 9.66891089108911, 5.381980198019803) 
(35.57029702970297, 1.16910891089109, 42.0, 34.969108910891094, 0.5510891089108914, 42.0, 0.563564356435644, 41.87702970297031, 34.05425742574258, 41.98455445544554) 
(35.961188118811876, 1.1203960396039614, 42.0, 35.74079207920793, 0.7580198019801987, 41.96514851485149, 0.8467326732673274, 42.0, 35.498811881188125, 41.99267326732673) 
(36.65643564356436, 2.1479207920792094, 42.0, 35.69227722772278, 0.9485148514851492, 41.99920792079209, 1.1681188118811887, 41.976039603960395, 32.63782178217822, 36.54831683168317) 
(35.5948514851485, 4.6247524752475275, 42.0, 34.00316831683168, 2.5780198019802, 41.93881188118812, 2.105940594059408, 41.95089108910889, 32.141782178217824, 41.986732673267326) 
(31.192475247524747, 13.46613861386139, 42.0, 27.50079207920792, 9.666930693069304, 42.0, 5.929306930693069, 41.97603960396041, 22.69465346534654, 41.97069306930694) 
(23.996435643564364, 28.232277227722783, 42.0, 14.493663366336637, 23.388316831683166, 41.99742574257426, 10.162772277227726, 39.64079207920793, 10.309702970297028, 41.98970297029703) 
(17.478415841584155, 36.84574257425741, 42.0, 4.42633663366337, 35.047128712871285, 41.99584158415841, 7.254851485148514, 22.960198019801982, 4.075247524752477, 42.0) 
(16.437425742574263, 39.03227722772278, 42.0, 2.054455445544556, 38.001980198019815, 42.0, 7.768712871287129, 21.136237623762373, 1.6564356435643577, 41.97920792079207) 
(17.956435643564365, 39.82138613861385, 42.0, 1.5061386138613873, 39.17445544554455, 41.9960396039604, 4.842574257425745, 14.578019801980199, 1.1617821782178224, 41.995445544554464) 
(17.405940594059413, 39.804950495049496, 42.0, 0.9920792079207928, 39.54891089108912, 42.0, 7.556435643564359, 15.906732673267328, 0.8758415841584165, 41.98178217821782) 
(21.645544554455448, 40.14831683168319, 42.0, 0.8140594059405946, 39.866930693069314, 41.98336633663367, 4.407128712871288, 9.6609900990099, 0.866336633663367, 41.999801980198015) 
(22.34930693069307, 40.28099009900991, 42.0, 0.8514851485148521, 40.082970297029696, 41.98079207920792, 4.771485148514852, 8.9409900990099, 0.8154455445544561, 41.950099009900995) 
(20.541980198019804, 40.69465346534655, 42.0, 0.5683168316831686, 40.037821782178234, 42.0, 7.157623762376239, 9.188514851485149, 0.7227722772277234, 41.98891089108911) 
(25.042970297029715, 38.79009900990098, 40.41742574257427, 1.5245544554455455, 38.74475247524754, 40.40217821782176, 4.115643564356438, 5.413663366336636, 1.739603960396041, 40.37762376237623) 
(27.77762376237625, 34.08772277227723, 35.434257425742565, 5.320198019801981, 33.96178217821783, 35.362178217821786, 2.8403960396039625, 3.10831683168317, 5.185940594059406, 35.39980198019803) 
(30.491089108910888, 27.360198019801985, 28.550495049504953, 10.338811881188116, 27.22435643564358, 28.47346534653465, 1.2027722772277236, 1.632871287128714, 10.149306930693069, 28.395247524752477) 
(31.35069306930693, 0.855247524752476, 42.0, 29.828712871287134, 0.0215841584158416, 42.0, 0.08653465346534657, 41.73306930693069, 8.455841584158414, 5.122772277227725) 
(35.33722772277229, 0.7792079207920796, 42.0, 34.618019801980196, 0.13049504950495058, 41.97465346534655, 0.13207920792079214, 41.99742574257426, 5.9320792079207925, 3.1833663366336657) 
(34.70594059405942, 0.891485148514852, 42.0, 33.41861386138613, 0.2590099009900992, 42.0, 0.2394059405940596, 41.976435643564365, 5.319009900990098, 2.7231683168316847) 
(35.24831683168318, 0.7299009900990104, 42.0, 34.059801980198024, 0.2596039603960397, 41.99267326732673, 0.32435643564356453, 41.99920792079209, 5.628910891089109, 2.9699009900990117) 
(35.89643564356436, 0.9297029702970304, 42.0, 34.787524752475235, 0.3881188118811884, 41.982772277227724, 0.33980198019802005, 42.0, 8.083960396039604, 5.267722772277229) 
(36.188514851485145, 0.8764356435643571, 42.0, 35.09683168316832, 0.4392079207920795, 41.991089108910884, 0.32455445544554484, 42.0, 11.030891089108913, 6.871881188118814) 
(36.7720792079208, 1.6291089108910903, 42.0, 35.940792079207924, 0.6281188118811886, 41.990099009901, 0.8320792079207926, 41.96178217821783, 28.500990099009904, 27.25920792079208) 
(36.60495049504951, 1.6734653465346547, 42.0, 35.97980198019802, 0.9659405940594068, 41.98772277227724, 0.9259405940594067, 41.984158415841584, 35.15782178217822, 41.8980198019802) 
(34.71326732673266, 4.97940594059406, 42.0, 34.25366336633663, 1.9592079207920807, 41.98079207920794, 2.4847524752475265, 42.0, 30.455841584158424, 41.94554455445545) 
(26.52594059405941, 19.400594059405947, 42.0, 21.230891089108916, 12.802970297029704, 41.983762376237635, 5.859009900990101, 38.07742574257424, 15.57742574257426, 41.947920792079216) 
(21.024950495049502, 33.17029702970297, 42.0, 6.660000000000001, 29.234653465346554, 41.99148514851485, 5.545346534653466, 28.186336633663366, 4.325148514851488, 41.97029702970296) 
(17.593663366336635, 38.48712871287129, 42.0, 1.9437623762376248, 37.26415841584157, 42.0, 3.243564356435646, 15.45841584158416, 1.6114851485148525, 41.984158415841584) 
(18.3140594059406, 39.35386138613863, 42.0, 1.1413861386138622, 39.17683168316831, 41.990099009901, 3.7073267326732706, 14.01722772277228, 1.152079207920793, 41.98970297029703) 
(18.783564356435647, 39.864554455445564, 42.0, 0.9138613861386145, 38.99465346534653, 41.99049504950495, 3.2655445544554484, 10.496831683168317, 1.0330693069306935, 42.0) 
(18.935445544554447, 39.96356435643565, 42.0, 0.6841584158415848, 39.766534653465335, 41.98376237623761, 3.3675247524752496, 8.997623762376234, 0.6493069306930698, 41.967128712871286) 
(22.19188118811882, 40.11465346534653, 42.0, 0.5295049504950499, 39.65465346534656, 42.0, 4.1221782178217845, 7.642178217821784, 0.6047524752475252, 42.0) 
(22.274653465346542, 39.807722772277245, 41.44, 0.93920792079208, 39.3350495049505, 41.32970297029703, 7.881188118811878, 10.48158415841584, 1.0918811881188126, 41.34633663366336) 
(24.450297029702973, 36.73188118811881, 38.57306930693069, 2.5184158415841598, 36.7308910891089, 38.536435643564346, 2.3992079207920805, 3.614059405940597, 2.4966336633663384, 38.536435643564346) 
(26.866930693069317, 32.42079207920792, 34.030495049504964, 6.303564356435645, 32.406138613861394, 33.967128712871286, 5.051683168316833, 5.714059405940594, 6.302970297029706, 33.97940594059408) 
(26.2279207920792, 23.193267326732688, 24.043366336633678, 13.327920792079203, 23.159207920792063, 23.99267326732674, 8.099999999999998, 8.39128712871287, 13.34554455445544, 24.009702970297038) 
(31.46871287128713, 0.6510891089108916, 42.0, 30.28990099009902, 0.08594059405940602, 41.98316831683168, 0.12198019801980207, 41.92237623762377, 2.104158415841585, 1.323168316831684) 
(35.45623762376237, 0.7865346534653471, 42.0, 34.33663366336634, 0.10178217821782184, 41.976237623762394, 0.05841584158415846, 42.0, 6.282574257425744, 3.7182178217821806) 
(34.38633663366337, 0.8041584158415847, 42.0, 33.42574257425743, 0.2255445544554457, 42.0, 0.2635643564356437, 41.963366336633676, 3.9946534653465378, 1.9352475247524767) 
(35.20079207920792, 0.7625742574257431, 42.0, 33.79762376237624, 0.20356435643564366, 42.0, 0.23524752475247546, 42.0, 9.383168316831684, 5.454455445544555) 
(35.51623762376238, 0.8106930693069313, 42.0, 35.00257425742574, 0.27326732673267345, 41.99623762376238, 0.3164356435643566, 41.985346534653466, 10.060990099009901, 6.351287128712869) 
(36.11801980198021, 0.7158415841584164, 42.0, 35.05980198019803, 0.32910891089108935, 42.0, 0.35009900990099035, 41.98514851485148, 8.585544554455444, 5.40811881188119) 
(36.539801980198014, 0.7900990099009907, 42.0, 35.809108910891084, 0.4841584158415845, 41.98376237623762, 0.3144554455445547, 41.99524752475248, 20.60019801980197, 15.45445544554456) 
(36.896435643564345, 1.2760396039603967, 42.0, 36.28079207920793, 0.6774257425742579, 41.983960396039606, 0.5364356435643568, 42.0, 28.624950495049518, 28.68455445544555) 
(36.708910891089104, 1.9809900990099023, 42.0, 35.18277227722773, 0.8001980198019808, 42.0, 0.7162376237623768, 41.98, 27.034059405940603, 30.603762376237626) 
(32.33544554455446, 6.191089108910893, 42.0, 28.322970297029723, 5.356435643564358, 41.968118811881176, 2.4077227722772294, 41.96495049504951, 26.93168316831683, 41.929702970297036) 
(21.350099009900998, 25.94712871287128, 42.0, 9.780594059405942, 25.837623762376236, 41.988712871287134, 3.994257425742577, 26.78930693069307, 7.809702970297029, 41.9661386138614) 
(17.732673267326735, 37.20237623762376, 42.0, 2.014653465346536, 35.613267326732675, 41.96019801980198, 3.933465346534657, 17.838415841584162, 1.6504950495049517, 41.994851485148516) 
(18.180594059405937, 39.20534653465348, 42.0, 1.214455445544555, 37.8429702970297, 42.0, 4.797623762376239, 17.66376237623762, 1.0827722772277235, 42.0) 
(18.35366336633664, 39.80633663366336, 42.0, 0.7247524752475251, 39.434455445544565, 42.0, 3.140990099009904, 11.842574257425744, 0.8415841584158423, 41.99148514851485) 
(20.48514851485149, 40.141584158415846, 42.0, 0.6239603960396044, 39.62673267326732, 42.0, 3.062178217821784, 9.646336633663367, 0.7788118811881196, 41.99148514851485) 
(19.097821782178222, 40.03465346534654, 42.0, 0.6310891089108915, 39.727128712871284, 41.97287128712872, 6.409900990099009, 10.508118811881186, 0.5261386138613864, 42.0) 
(23.438217821782178, 40.100396039603964, 41.96970297029702, 0.5093069306930696, 40.093267326732686, 41.952475247524745, 3.672277227722775, 6.0, 0.5439603960396044, 41.96356435643563) 
(24.83762376237625, 37.99445544554457, 39.4479207920792, 2.409504950495051, 37.77247524752476, 39.3629702970297, 5.678811881188121, 7.00039603960396, 2.485346534653467, 39.40990099009901) 
(26.450297029702973, 34.02178217821783, 35.46237623762378, 5.015841584158419, 33.9520792079208, 35.39504950495049, 5.733069306930695, 6.510891089108912, 5.6027722772277215, 35.37148514851486) 
(27.26356435643565, 25.68712871287128, 26.94217821782178, 10.20316831683168, 25.66534653465348, 26.81445544554457, 5.524554455445547, 5.83069306930693, 10.043168316831682, 26.888712871287133) 
(31.616633663366336, 0.7380198019801985, 42.0, 30.295841584158424, 0.02613861386138616, 42.0, 0.07980198019801987, 41.99128712871287, 6.56039603960396, 3.8679207920792105) 
(35.39683168316831, 0.8417821782178225, 42.0, 34.81485148514851, 0.11366336633663372, 42.0, 0.03069306930693072, 41.999801980198015, 6.353861386138614, 3.39762376237624) 
(34.360990099009925, 0.7992079207920799, 42.0, 33.514257425742564, 0.08435643564356443, 41.96653465346535, 0.128910891089109, 42.0, 3.456039603960398, 1.8722772277227735) 
(35.05485148514851, 0.7479207920792083, 42.0, 34.269504950495055, 0.18435643564356446, 41.98257425742575, 0.09762376237623768, 42.0, 5.237227722772276, 2.7384158415841604) 
(35.663366336633665, 0.8405940594059411, 42.0, 35.16336633663366, 0.23267326732673285, 42.0, 0.2039603960396041, 41.999801980198015, 6.285544554455446, 3.443168316831686) 
(36.30138613861386, 0.7681188118811889, 42.0, 35.63782178217823, 0.2045544554455447, 41.99643564356436, 0.2926732673267329, 41.99940594059407, 16.48613861386138, 11.115643564356436) 
(36.73544554455446, 0.7623762376237629, 42.0, 36.129702970297046, 0.22217821782178238, 42.0, 0.30297029702970313, 41.96455445544553, 12.21762376237624, 7.848316831683168) 
(36.93683168316832, 0.8328712871287135, 42.0, 36.05940594059406, 0.2510891089108912, 41.96990099009902, 0.33980198019802005, 41.99782178217823, 15.723960396039603, 11.609504950495047) 
(36.83485148514851, 1.5897029702970307, 42.0, 34.45980198019802, 1.086336633663367, 41.958019801980186, 0.40059405940594084, 41.970891089108925, 33.835049504950504, 40.95801980198019) 
(34.866336633663366, 3.0590099009901004, 42.0, 33.797227722772284, 1.4699009900990108, 41.97267326732673, 0.8152475247524759, 41.96950495049504, 30.29326732673268, 41.9380198019802) 
(24.176237623762372, 13.407326732673267, 41.99564356435644, 21.150099009901, 6.967722772277229, 41.963168316831684, 7.895247524752476, 41.95227722772275, 14.353465346534657, 41.98158415841585) 
(19.267920792079206, 30.903366336633663, 42.0, 5.664356435643564, 28.577425742574253, 41.94772277227724, 3.460198019801983, 22.162574257425742, 4.172673267326736, 41.97069306930693) 
(18.85683168316832, 38.466336633663374, 42.0, 1.7984158415841598, 36.862574257425756, 42.0, 2.7699009900990115, 15.4449504950495, 0.7811881188118817, 41.96455445544554) 
(19.92772277227723, 39.54158415841584, 42.0, 0.6857425742574262, 39.01128712871289, 42.0, 3.189306930693072, 13.712079207920791, 0.7647524752475252, 41.97643564356436) 
(21.40732673267328, 39.86554455445545, 42.0, 0.6374257425742578, 39.352673267326736, 41.97128712871288, 3.201386138613864, 10.00059405940594, 0.4792079207920796, 42.0) 
(24.4120792079208, 39.435049504950506, 41.81960396039603, 1.0067326732673274, 39.03940594059407, 41.46475247524752, 2.105544554455447, 6.905544554455446, 0.727524752475248, 41.766138613861386) 
(22.31465346534653, 39.580594059405946, 41.82356435643565, 0.4550495049504954, 39.43524752475248, 41.82356435643565, 3.861386138613863, 6.82811881188119, 0.9213861386138622, 41.31544554455444) 
(25.64336633663367, 33.297029702970285, 35.0861386138614, 4.757227722772276, 33.18772277227723, 35.061188118811884, 3.283564356435646, 4.713861386138616, 5.633069306930694, 34.680198019801985) 
(25.923762376237626, 31.07524752475248, 32.60772277227723, 6.867128712871287, 30.835841584158427, 32.5671287128713, 6.281386138613863, 6.984158415841585, 7.037623762376241, 32.40633663366337) 
(27.56079207920793, 21.571089108910886, 22.787722772277228, 13.090297029702967, 21.44990099009902, 22.67128712871288, 2.5934653465346558, 2.792079207920794, 13.893861386138616, 22.406336633663372) 
(31.393069306930688, 0.7017821782178223, 42.0, 30.405544554455435, 0.06891089108910894, 41.99762376237624, 0.021980198019802, 42.0, 5.1980198019802, 2.6443564356435663) 
(35.60415841584159, 0.7663366336633669, 42.0, 34.467128712871286, 0.0744554455445545, 41.988712871287134, 0.09148514851485155, 41.98455445544554, 6.2681188118811875, 3.7213861386138634) 
(34.640990099009905, 0.5748514851485153, 42.0, 33.648514851485146, 0.1510891089108912, 41.98910891089108, 0.12336633663366345, 42.0, 3.9114851485148554, 2.2419801980198035) 
(35.094257425742576, 0.6538613861386143, 42.0, 33.871683168316835, 0.08396039603960402, 41.990099009900995, 0.12376237623762384, 41.988712871287134, 5.519009900990101, 2.7067326732673282) 
(35.68336633663367, 0.818415841584159, 42.0, 34.796237623762366, 0.11485148514851493, 41.98693069306931, 0.07366336633663371, 42.0, 6.266336633663367, 3.4097029702970314) 
(36.05405940594059, 0.6794059405940599, 42.0, 35.04594059405942, 0.1520792079207922, 42.0, 0.13267326732673276, 41.98514851485148, 8.874851485148513, 5.5081188118811895) 
(36.56970297029703, 0.8091089108910898, 42.0, 35.85188118811881, 0.2344554455445546, 41.97683168316832, 0.12633663366336642, 41.99643564356436, 7.255841584158414, 4.587722772277229) 
(36.71306930693071, 0.8005940594059412, 42.0, 35.65762376237625, 0.3053465346534656, 41.98356435643565, 0.2271287128712873, 41.995049504950494, 16.097029702970303, 13.133663366336636) 
(36.805742574257415, 1.051485148514852, 42.0, 35.659801980198026, 0.27267326732673286, 41.98831683168317, 0.3859405940594062, 41.97425742574258, 14.350495049504957, 11.334059405940591) 
(35.191485148514865, 1.104554455445545, 42.0, 34.203168316831686, 0.623564356435644, 41.99742574257426, 0.43881188118811915, 41.981782178217806, 24.423168316831685, 26.95485148514852) 
(30.2891089108911, 3.2609900990099034, 41.9960396039604, 28.286732673267345, 0.9358415841584166, 41.93089108910892, 0.991485148514852, 41.90871287128713, 24.405346534653475, 41.91227722772278) 
(20.390099009900986, 17.45425742574258, 41.97841584158416, 8.63841584158416, 14.532079207920793, 41.849108910891076, 1.3023762376237633, 18.746336633663365, 8.54613861386139, 41.92257425742574) 
(19.486930693069308, 36.40118811881188, 42.0, 2.146732673267328, 31.528910891089126, 41.95762376237625, 1.740792079207922, 13.695247524752478, 0.8845544554455452, 41.97287128712872) 
(20.635841584158413, 38.92673267326733, 42.0, 0.9203960396039614, 37.825148514851485, 41.97386138613862, 2.6504950495049524, 12.151881188118809, 0.6750495049504955, 41.99821782178218) 
(22.336435643564368, 39.66257425742575, 42.0, 0.6726732673267332, 39.24851485148513, 41.99029702970297, 3.1403960396039627, 10.083762376237619, 0.5142574257425746, 42.0) 
(19.695841584158416, 39.70198019801981, 42.0, 0.5031683168316835, 39.350099009901, 41.950099009900995, 3.1166336633663385, 7.817821782178216, 0.41762376237623794, 42.0) 
(25.519009900990106, 39.5281188118812, 41.35762376237624, 0.9099009900990106, 39.196633663366335, 41.2659405940594, 3.888712871287132, 6.358019801980199, 0.942970297029704, 41.274257425742576) 
(25.67841584158417, 33.484158415841584, 35.298613861386144, 5.467524752475248, 33.35980198019803, 35.23247524752476, 2.9380198019802, 4.5138613861386165, 5.4437623762376255, 35.27623762376239) 
(27.908514851485158, 26.404950495049505, 27.964950495049507, 9.88693069306931, 26.283168316831688, 27.913465346534657, 3.5374257425742597, 4.029306930693072, 9.99049504950495, 27.611683168316834) 
(28.749900990099015, 22.358811881188103, 23.351287128712876, 13.916039603960394, 22.27663366336635, 23.21683168316831, 2.9435643564356457, 3.5374257425742597, 14.382178217821782, 23.294851485148524) 
