(33.96158415841584, 12.464752475247524, 0.5706930693069311, 32.89821782178217, 11.421782178217816, 0.1495049504950496, 11.583366336633665, 0.07405940594059411, 32.666930693069304, 0.17940594059405954) 
(33.99168316831684, 12.505346534653462, 0.6344554455445549, 32.89683168316832, 11.423366336633665, 0.18514851485148529, 11.499801980198017, 0.15425742574257437, 32.862772277227734, 0.1798019801980199) 
(33.725544554455446, 12.4009900990099, 0.7227722772277234, 32.95128712871286, 11.247326732673267, 0.16217821782178227, 11.720396039603965, 0.2045544554455447, 33.19900990099009, 0.1384158415841585) 
(33.98534653465345, 12.347722772277232, 0.6978217821782184, 33.34039603960397, 11.14019801980198, 0.17742574257425758, 11.76990099009901, 0.1710891089108912, 32.24831683168316, 0.10851485148514861) 
(33.734653465346526, 12.498019801980195, 0.8621782178217828, 32.307326732673275, 11.62237623762376, 0.1641584158415843, 11.8429702970297, 0.25148514851485165, 33.35465346534654, 0.2411881188118814) 
(33.83564356435644, 12.33188118811881, 0.8031683168316837, 32.98851485148516, 11.74237623762376, 0.2928712871287131, 11.57207920792079, 0.22178217821782195, 33.11980198019802, 0.2813861386138615) 
(33.96653465346536, 12.233861386138608, 1.3558415841584168, 31.895445544554452, 11.023564356435644, 0.4035643564356439, 11.369504950495049, 0.3695049504950498, 32.8940594059406, 0.5126732673267329) 
(33.7320792079208, 12.097623762376239, 1.6346534653465357, 32.33683168316831, 11.145544554455446, 0.6978217821782184, 10.958613861386135, 0.4916831683168321, 32.90059405940596, 0.8748514851485156) 
(32.29722772277227, 11.69722772277228, 4.424356435643567, 31.30079207920793, 10.357425742574256, 1.6982178217821795, 10.928910891089105, 1.0178217821782185, 31.325940594059404, 1.533861386138615) 
(30.276633663366344, 10.449900990099012, 7.847722772277227, 28.431881188118815, 9.543366336633664, 5.716435643564358, 9.685940594059405, 4.55762376237624, 29.66633663366336, 5.200792079207922) 
(30.455445544554472, 9.888118811881187, 16.448514851485147, 21.6130693069307, 6.776633663366337, 13.588118811881188, 9.811881188118813, 3.118811881188121, 28.642376237623765, 3.6481188118811914) 
(27.702970297029715, 9.07366336633664, 29.25722772277228, 9.18693069306931, 2.893663366336636, 29.16712871287129, 8.819801980198017, 5.101386138613863, 27.266138613861376, 4.96792079207921) 
(25.9, 8.012079207920792, 36.79564356435643, 4.631089108910892, 1.2320792079207927, 35.828316831683175, 7.528118811881187, 6.940792079207921, 25.450099009900995, 7.131287128712872) 
(22.833663366336637, 7.084950495049505, 41.63881188118811, 1.1089108910891097, 0.5065346534653469, 40.209900990099, 6.075247524752475, 11.40158415841584, 22.23128712871288, 7.746138613861389) 
(22.55960396039604, 6.9437623762376255, 41.83623762376239, 0.9710891089108918, 0.4817821782178221, 41.06811881188119, 6.080792079207922, 11.60455445544555, 22.178811881188132, 9.530297029702973) 
(19.835445544554464, 6.461188118811882, 41.9849504950495, 0.342772277227723, 0.29009900990099036, 41.875049504950496, 6.2647524752475245, 9.967722772277229, 19.62455445544555, 10.377623762376237) 
(20.234851485148514, 5.895841584158417, 42.0, 0.2944554455445546, 0.2572277227722774, 41.79089108910892, 5.787326732673265, 12.487524752475249, 20.023168316831693, 12.446732673267325) 
(19.455247524752483, 6.753267326732672, 42.0, 0.2835643564356438, 0.21702970297029722, 41.981980198019805, 6.4904950495049505, 13.32039603960396, 18.934653465346535, 14.855445544554458) 
(16.65623762376238, 5.791485148514853, 42.0, 0.1215841584158417, 0.15861386138613873, 41.99821782178218, 5.514851485148516, 12.086732673267328, 15.794455445544557, 13.822574257425744) 
(16.696831683168316, 6.019603960396042, 42.0, 0.448712871287129, 0.26712871287128725, 41.98138613861388, 5.587524752475248, 12.393861386138616, 13.448118811881187, 19.267524752475246) 
(34.55326732673267, 17.750297029702974, 0.5819801980198024, 32.527920792079215, 16.023564356435653, 0.06613861386138617, 16.835247524752475, 0.05821782178217825, 33.668316831683164, 0.10257425742574264) 
(34.95465346534653, 17.881584158415844, 0.6879207920792084, 33.33306930693069, 16.819207920792085, 0.1550495049504952, 17.170099009900994, 0.13762376237623772, 34.060990099009906, 0.13049504950495058) 
(34.456831683168325, 17.588316831683173, 0.693465346534654, 33.528514851485156, 16.908712871287133, 0.1829702970297031, 17.096633663366344, 0.10772277227722782, 34.15762376237625, 0.07168316831683173) 
(34.445148514851496, 18.22316831683168, 0.7758415841584164, 33.055247524752474, 16.968910891089113, 0.19643564356435655, 16.75069306930693, 0.23465346534653486, 33.84415841584159, 0.2601980198019804) 
(34.327722772277234, 17.71881188118812, 0.9550495049504956, 33.474455445544564, 17.39069306930693, 0.21683168316831694, 17.307920792079216, 0.2657425742574259, 33.47207920792078, 0.34772277227722803) 
(34.213267326732684, 17.630495049504955, 1.0011881188118819, 33.047524752475255, 16.09980198019803, 0.2926732673267329, 16.898217821782183, 0.3978217821782181, 33.85366336633663, 0.3146534653465349) 
(34.280990099009905, 17.42178217821782, 1.2045544554455454, 33.53960396039604, 16.53940594059406, 0.4988118811881192, 16.670297029702976, 0.39643564356435673, 33.39603960396041, 0.5160396039603964) 
(33.95920792079209, 17.127326732673275, 2.053663366336635, 32.009900990099005, 15.624356435643564, 1.950099009900992, 16.103366336633666, 0.565742574257426, 33.169702970297024, 0.8677227722772285) 
(33.47267326732673, 16.63445544554455, 4.858217821782177, 30.41247524752475, 14.952277227722771, 2.9992079207920814, 15.412277227722777, 1.423168316831684, 31.99623762376237, 1.2358415841584167) 
(31.774257425742572, 15.60871287128713, 8.774059405940593, 29.697623762376242, 14.406138613861383, 4.212871287128715, 15.286930693069312, 1.902574257425744, 31.461386138613857, 1.8679207920792091) 
(30.140792079207923, 14.908316831683168, 20.140990099009915, 18.72495049504951, 8.766534653465346, 17.863762376237627, 14.629108910891087, 3.6956435643564385, 29.577425742574267, 3.2724752475247545) 
(27.407722772277232, 13.353069306930696, 31.26118811881188, 9.30217821782178, 4.180990099009904, 29.74396039603961, 13.158217821782175, 6.090693069306932, 27.2520792079208, 5.993465346534654) 
(25.883168316831682, 12.187326732673272, 38.92831683168317, 3.93643564356436, 2.2461386138613886, 37.47148514851485, 11.882772277227721, 7.445544554455445, 24.622376237623765, 8.901188118811879) 
(24.469900990099028, 11.20158415841584, 41.70396039603959, 1.435841584158417, 0.8429702970297037, 39.93108910891089, 10.888118811881185, 9.13960396039604, 24.290495049504962, 8.653861386138612) 
(21.015841584158427, 10.576435643564352, 41.79980198019802, 1.2766336633663375, 1.0370297029702975, 41.24792079207918, 9.585940594059409, 9.690495049504952, 20.007128712871296, 14.217425742574259) 
(19.58495049504951, 9.836039603960394, 41.90099009900992, 0.647524752475248, 0.854455445544555, 41.75801980198021, 8.772673267326734, 11.939405940594064, 18.4730693069307, 17.045148514851483) 
(20.674257425742578, 10.94, 41.974455445544564, 0.838415841584159, 0.5568316831683172, 41.4358415841584, 10.46930693069307, 13.657425742574256, 16.71742574257426, 22.370891089108923) 
(15.52871287128713, 7.0994059405940595, 41.97702970297031, 0.33306930693069325, 0.4184158415841587, 41.90217821782179, 6.38910891089109, 12.062574257425744, 11.162574257425744, 25.311287128712877) 
(18.6550495049505, 9.11841584158416, 42.0, 0.5833663366336637, 0.7138613861386144, 41.72534653465347, 8.128316831683168, 10.374455445544552, 16.095643564356433, 16.880990099009903) 
(13.841386138613865, 7.530693069306929, 42.0, 1.0213861386138623, 0.9251485148514856, 42.0, 6.510891089108912, 13.362376237623767, 10.951881188118813, 24.916237623762374) 
(35.03504950495049, 23.722376237623774, 0.5956435643564361, 34.39801980198021, 22.062574257425748, 0.11544554455445552, 22.394653465346554, 0.14831683168316842, 34.449108910891084, 0.09049504950495056) 
(35.06019801980199, 23.758019801980204, 0.6556435643564361, 34.2, 22.728910891089118, 0.09485148514851491, 22.357227722772286, 0.11960396039603967, 34.60712871287128, 0.1598019801980199) 
(35.06792079207921, 23.926732673267335, 0.7003960396039608, 34.27267326732675, 22.478613861386144, 0.11128712871287136, 22.578811881188127, 0.11881188118811888, 34.39683168316832, 0.09683168316831692) 
(34.976237623762366, 23.40653465346536, 0.8419801980198026, 34.12237623762377, 22.321386138613864, 0.15623762376237635, 22.941188118811887, 0.21207920792079224, 33.997821782178235, 0.25009900990099027) 
(35.11029702970298, 24.03287128712872, 0.8825742574257432, 33.861584158415845, 22.68356435643565, 0.1990099009900992, 23.010297029702976, 0.23108910891089124, 34.4419801980198, 0.2219801980198021) 
(34.95762376237623, 23.45247524752474, 1.0308910891089116, 34.63386138613862, 22.787128712871297, 0.3601980198019805, 23.115643564356436, 0.3334653465346537, 34.572673267326735, 0.3001980198019804) 
(35.00217821782177, 23.409900990099022, 1.4477227722772288, 33.5479207920792, 21.461980198019802, 0.7540594059405946, 22.546336633663387, 0.4023762376237626, 34.229702970297026, 0.5677227722772282) 
(34.779603960396045, 23.06336633663366, 2.194653465346536, 34.06950495049505, 22.721584158415848, 0.9089108910891096, 22.706336633663366, 0.9865346534653474, 34.441188118811894, 0.970297029702971) 
(34.34653465346535, 22.440396039603968, 4.8912871287128725, 31.55702970297031, 20.515247524752482, 2.444356435643566, 21.720396039603962, 1.2899009900990108, 33.01267326732675, 2.025742574257427) 
(33.03405940594061, 21.68693069306931, 9.706732673267327, 26.507722772277237, 17.16930693069308, 8.223564356435645, 21.677029702970305, 2.8118811881188135, 32.61821782178218, 2.8784158415841605) 
(29.215643564356434, 20.123564356435647, 24.170693069306925, 14.186336633663364, 10.665544554455444, 21.918217821782182, 18.705742574257428, 4.458811881188121, 28.11782178217821, 6.091287128712872) 
(29.966732673267334, 19.790099009900985, 32.99445544554456, 6.203762376237624, 5.249306930693071, 32.01524752475248, 19.538811881188124, 5.482772277227724, 29.497227722772287, 5.723366336633664) 
(24.344752475247525, 17.337623762376243, 39.489108910891076, 2.2847524752475263, 1.902178217821784, 38.993465346534656, 14.802178217821789, 6.515841584158418, 23.56455445544555, 11.388910891089113) 
(24.300198019801982, 16.96653465346535, 40.08732673267327, 2.6691089108910906, 3.1366336633663385, 40.07722772277228, 15.328514851485153, 7.417425742574258, 20.33485148514852, 15.250495049504954) 
(22.717227722772286, 16.526732673267333, 41.87663366336632, 1.5497029702970306, 1.6061386138613871, 40.65227722772276, 14.158217821782182, 8.46, 18.46554455445545, 18.173465346534655) 
(21.066930693069306, 13.427128712871289, 41.898811881188124, 0.7819801980198026, 1.096039603960397, 41.69722772277228, 11.672673267326733, 9.837623762376237, 14.955247524752476, 25.037425742574264) 
(20.571485148514864, 15.195643564356432, 41.98455445544553, 0.5049504950495053, 1.082574257425743, 41.8130693069307, 12.536237623762371, 10.04950495049505, 18.216633663366338, 19.146930693069308) 
(18.0770297029703, 13.409306930693072, 41.97207920792081, 0.2994059405940596, 0.8142574257425746, 41.90990099009903, 11.140000000000002, 9.567722772277229, 14.472475247524756, 21.82514851485149) 
(17.847326732673274, 13.070891089108912, 42.0, 1.8427722772277244, 2.1556435643564367, 41.947920792079216, 10.995247524752482, 12.662178217821783, 12.162772277227726, 26.296633663366343) 
(16.52990099009901, 12.198019801980191, 42.0, 0.7023762376237629, 0.9837623762376244, 41.98633663366336, 9.596435643564359, 12.82059405940594, 13.273267326732672, 25.538415841584168) 
(35.99049504950495, 29.882178217821792, 0.6209900990099014, 35.24851485148516, 29.13801980198021, 0.1633663366336635, 29.487128712871296, 0.10930693069306942, 35.43663366336633, 0.1277227722772278) 
(36.133069306930686, 30.021188118811878, 0.7479207920792083, 34.992871287128715, 29.526930693069318, 0.10574257425742582, 29.640000000000008, 0.11683168316831692, 35.51623762376237, 0.09980198019801988) 
(36.21247524752475, 30.219009900990105, 0.6061386138613865, 35.18356435643565, 28.930099009901, 0.15544554455445556, 29.5821782178218, 0.16554455445544566, 35.06534653465347, 0.2265346534653467) 
(35.96693069306931, 29.99128712871287, 0.9089108910891096, 35.23940594059406, 29.41683168316832, 0.21267326732673283, 28.70653465346536, 0.1613861386138615, 35.16277227722772, 0.15524752475247536) 
(36.2091089108911, 29.826336633663374, 0.8326732673267333, 35.06237623762376, 28.368316831683174, 0.29742574257425763, 29.07287128712871, 0.254851485148515, 35.24079207920793, 0.3360396039603963) 
(35.8920792079208, 30.410693069306937, 1.0750495049504958, 35.40772277227723, 29.570099009901, 0.4089108910891092, 30.04, 0.434653465346535, 35.41960396039604, 0.5465346534653469) 
(35.67168316831683, 30.132277227722792, 1.6837623762376248, 34.44514851485149, 28.591683168316834, 0.9299009900990106, 28.887920792079207, 0.6978217821782184, 34.23168316831684, 0.7990099009900995) 
(35.489306930693076, 29.81544554455447, 2.3485148514851506, 34.442574257425754, 28.48099009900992, 1.2186138613861395, 28.457029702970306, 0.8514851485148521, 34.69089108910891, 1.1718811881188127) 
(34.55603960396039, 30.002574257425746, 6.4348514851485135, 31.543168316831693, 28.61287128712872, 4.070297029702973, 28.39029702970297, 1.804158415841585, 33.774059405940605, 2.646930693069309) 
(31.936633663366344, 28.152277227722777, 14.643168316831684, 27.05247524752476, 25.58336633663366, 9.913663366336637, 25.465544554455445, 2.884950495049507, 30.28099009900991, 5.824950495049505) 
(29.074653465346536, 26.657425742574258, 26.711683168316835, 15.823366336633663, 16.215049504950496, 23.522376237623767, 22.838811881188125, 5.2693069306930695, 26.583762376237637, 9.08158415841584) 
(26.59643564356436, 24.832079207920792, 33.318217821782184, 9.775049504950493, 13.10891089108911, 30.11920792079209, 23.00158415841584, 9.793267326732675, 22.847920792079208, 14.745148514851484) 
(24.53029702970297, 21.66118811881188, 39.059999999999995, 7.328316831683168, 11.567326732673264, 36.355247524752464, 19.957623762376244, 8.950099009900994, 18.78237623762376, 18.474257425742586) 
(19.505742574257425, 18.2970297029703, 40.90118811881189, 3.3633663366336655, 5.410099009900991, 39.632475247524766, 18.107920792079206, 14.72099009900991, 19.0879207920792, 17.139009900990107) 
(20.233861386138617, 18.705544554455454, 41.26990099009898, 3.1912871287128737, 6.974455445544554, 41.18138613861385, 16.963960396039603, 14.307128712871288, 16.947326732673265, 22.94554455445545) 
(20.380990099009903, 20.946138613861383, 41.83128712871287, 3.4100990099009922, 7.055841584158415, 41.167326732673274, 18.39168316831684, 16.244356435643567, 17.908514851485155, 23.320396039603963) 
(18.150495049504958, 17.866930693069307, 41.830891089108896, 1.612871287128714, 4.362574257425746, 41.65207920792079, 14.642574257425744, 13.269306930693066, 13.790495049504944, 28.047920792079214) 
(16.441782178217824, 16.74554455445545, 41.98435643564357, 2.3514851485148527, 5.53940594059406, 41.97425742574256, 13.584158415841582, 14.13346534653466, 13.597227722772278, 25.497227722772283) 
(16.432277227722775, 16.048910891089108, 41.98732673267328, 3.8869306930693095, 6.263960396039606, 41.915643564356444, 11.070297029702969, 10.872079207920793, 12.11663366336634, 28.459603960396038) 
(15.624356435643572, 14.960792079207927, 42.0, 3.933267326732676, 7.358415841584159, 41.970891089108925, 12.515841584158416, 16.544554455445542, 10.87623762376238, 32.9291089108911) 
(36.95603960396041, 36.043960396039616, 0.6152475247524756, 36.29524752475248, 34.936633663366344, 0.13287128712871296, 34.94693069306932, 0.07524752475247529, 35.298811881188115, 0.05603960396039608) 
(36.93386138613863, 35.79188118811881, 0.6528712871287132, 36.25524752475248, 35.247920792079206, 0.1217821782178219, 35.08475247524752, 0.15445544554455454, 36.29722772277229, 0.1374257425742575) 
(36.887128712871295, 36.25940594059406, 0.7697029702970303, 36.23623762376238, 35.023960396039605, 0.18118811881188127, 35.04950495049505, 0.2467326732673269, 35.89742574257426, 0.1950495049504952) 
(36.65049504950493, 35.934653465346535, 0.7045544554455451, 35.326138613861396, 34.78851485148516, 0.23168316831683186, 34.967920792079205, 0.2699009900990101, 36.07168316831683, 0.2493069306930695) 
(36.937029702970314, 36.542178217821764, 0.7643564356435649, 35.27920792079207, 35.01623762376238, 0.35643564356435664, 35.5790099009901, 0.5362376237623766, 36.375049504950496, 0.44277227722772317) 
(36.4580198019802, 36.47900990099009, 1.2059405940594068, 35.21960396039604, 35.564356435643575, 0.8843564356435649, 35.358811881188124, 0.5796039603960399, 35.30990099009902, 0.6239603960396044) 
(36.16158415841582, 37.07861386138614, 1.8780198019801997, 35.557623762376245, 35.70811881188119, 0.6807920792079213, 35.598217821782185, 1.082574257425743, 34.936633663366344, 1.1287128712871295) 
(35.31445544554455, 37.49960396039604, 3.925742574257429, 32.81485148514853, 35.24118811881189, 3.213465346534656, 32.75168316831683, 1.0544554455445552, 33.78653465346534, 1.9673267326732689) 
(33.42019801980199, 36.850693069306935, 7.570693069306929, 31.73425742574259, 35.69207920792079, 4.569108910891091, 33.06514851485151, 3.055643564356438, 30.22118811881189, 4.916633663366339) 
(31.56475247524752, 35.369504950495056, 16.83762376237624, 23.071683168316845, 30.741386138613848, 13.44039603960396, 29.412079207920794, 3.4045544554455476, 29.356435643564357, 7.573267326732672) 
(30.176633663366335, 34.053069306930695, 27.26118811881188, 16.347326732673267, 27.211089108910897, 23.6320792079208, 31.138019801980185, 8.24891089108911, 22.3140594059406, 16.495841584158427) 
(28.7310891089109, 31.665742574257425, 35.07722772277228, 10.479009900990096, 24.763762376237626, 33.14792079207922, 28.83544554455445, 9.62693069306931, 23.026138613861402, 16.13485148514852) 
(25.98752475247525, 29.340990099009908, 38.757821782178205, 10.143168316831682, 21.850099009900998, 36.47821782178217, 23.281584158415846, 9.021980198019804, 15.73128712871287, 31.723960396039608) 
(21.68019801980198, 25.51029702970297, 41.25861386138614, 9.710099009900992, 25.4261386138614, 39.500000000000014, 21.663564356435646, 14.699603960396045, 9.67009900990099, 39.535247524752485) 
(19.804752475247525, 26.221188118811888, 41.596633663366326, 7.103168316831686, 25.528910891089108, 40.47742574257427, 16.83445544554456, 11.737029702970297, 9.302970297029702, 40.92653465346536) 
(18.702574257425745, 25.477623762376243, 41.88316831683167, 10.176831683168313, 23.071485148514856, 41.236435643564356, 18.582178217821788, 17.587920792079206, 8.557821782178221, 40.50673267326732) 
(19.25227722772278, 28.38851485148515, 41.96930693069306, 7.753861386138611, 25.150099009900995, 41.78495049504952, 17.047722772277236, 12.781584158415841, 8.745346534653466, 41.80891089108909) 
(17.906336633663365, 27.397227722772286, 41.984752475247525, 8.678217821782178, 25.5140594059406, 41.90732673267325, 15.335841584158416, 12.345742574257429, 9.167326732673272, 41.900792079207925) 
(14.928316831683167, 29.825940594059404, 42.0, 7.508514851485152, 24.3491089108911, 41.99247524752475, 15.42534653465347, 18.149306930693072, 10.50534653465347, 41.87782178217823) 
(15.921980198019805, 29.269702970297036, 42.0, 7.357821782178218, 22.171089108910884, 41.985742574257436, 12.447722772277228, 11.139405940594054, 10.08475247524752, 41.948316831683165) 
(36.846534653465355, 39.88019801980198, 0.5679207920792083, 35.549702970297034, 38.86930693069307, 0.06376237623762382, 37.3291089108911, 0.12534653465346546, 35.7542574257426, 0.08316831683168323) 
(36.42277227722772, 39.936237623762366, 0.6546534653465352, 35.380594059405944, 38.86316831683168, 0.09227722772277233, 37.747524752475265, 0.11188118811881197, 34.944356435643556, 0.18019801980198036) 
(36.247128712871294, 39.89762376237624, 0.7235643564356442, 35.37722772277228, 39.86198019801981, 0.17603960396039614, 39.389900990099015, 0.16217821782178227, 35.30554455445546, 0.24633663366336644) 
(36.25861386138615, 40.06079207920793, 0.7574257425742579, 35.34514851485149, 39.326138613861374, 0.3617821782178221, 38.9619801980198, 0.18059405940594073, 34.8019801980198, 0.5126732673267329) 
(35.93069306930694, 40.19366336633663, 0.8809900990099016, 35.349306930693075, 39.56930693069305, 0.43881188118811915, 37.92653465346536, 0.4744554455445548, 34.58019801980199, 0.5140594059405945) 
(35.953663366336635, 40.20158415841584, 1.6534653465346547, 34.818415841584155, 39.63267326732672, 0.8291089108910898, 39.606732673267324, 0.8829702970297038, 34.77029702970297, 0.8845544554455452) 
(35.5950495049505, 40.3180198019802, 3.053267326732676, 34.345148514851495, 40.009702970297035, 1.4936633663366348, 39.552277227722776, 1.1196039603960404, 33.98752475247524, 1.8415841584158428) 
(34.401386138613866, 40.40336633663365, 4.781980198019803, 32.59306930693071, 39.53643564356437, 3.5540594059405968, 34.04534653465347, 1.2790099009901, 32.34990099009901, 2.8574257425742595) 
(32.8681188118812, 39.90158415841584, 9.013663366336633, 29.12831683168317, 39.21168316831681, 6.580198019801977, 33.14396039603962, 3.5437623762376265, 30.61702970297031, 6.0784158415841585) 
(31.26356435643564, 38.7530693069307, 18.041584158415844, 24.731881188118827, 38.328316831683146, 15.235247524752483, 31.802574257425736, 4.670693069306932, 24.45821782178219, 12.336633663366339) 
(29.920198019801983, 38.79287128712873, 30.55168316831684, 16.754851485148514, 37.23445544554456, 29.066138613861387, 30.817425742574272, 7.328118811881187, 20.44158415841584, 24.291485148514862) 
(25.8320792079208, 38.150495049504954, 38.35762376237623, 13.732673267326737, 36.772871287128716, 35.75485148514852, 27.856039603960404, 10.513663366336637, 15.063366336633662, 35.07584158415841) 
(23.8691089108911, 40.55940594059408, 41.2491089108911, 12.190693069306931, 38.22990099009901, 41.12910891089108, 24.762574257425758, 11.737821782178223, 12.328514851485153, 40.74316831683167) 
(21.96752475247525, 39.90693069306931, 41.78831683168317, 11.60356435643564, 36.97782178217822, 40.81564356435642, 21.540396039603966, 12.141386138613859, 12.403960396039606, 41.381980198019804) 
(21.292475247524752, 39.6429702970297, 41.98356435643566, 11.975841584158417, 38.614851485148506, 40.96019801980198, 22.741386138613862, 14.977227722772282, 12.693069306930692, 41.84633663366336) 
(20.015445544554456, 40.36178217821783, 42.0, 12.240990099009899, 38.97445544554455, 41.7219801980198, 21.499603960396044, 15.902970297029709, 12.59762376237624, 41.959603960396045) 
(18.9590099009901, 39.68178217821782, 42.0, 11.746930693069308, 37.917623762376245, 41.9920792079208, 16.052079207920794, 11.350495049504948, 12.446534653465353, 41.96257425742574) 
(19.06336633663367, 39.52316831683169, 42.0, 12.924356435643569, 39.22574257425743, 41.960792079207934, 17.947920792079213, 13.438613861386134, 13.496435643564356, 42.0) 
(18.616633663366343, 39.651881188118814, 42.0, 11.75980198019802, 37.60475247524752, 41.83524752475248, 19.76059405940595, 19.01188118811882, 13.009702970297033, 41.97108910891089) 
(17.067326732673266, 40.42990099009904, 42.0, 12.507524752475247, 37.508316831683146, 42.0, 17.85861386138614, 18.2160396039604, 11.752673267326736, 41.99920792079209) 
(36.16316831683169, 41.5039603960396, 0.600594059405941, 34.63465346534653, 41.073069306930684, 0.06198019801980203, 37.62396039603961, 0.05841584158415846, 34.42970297029703, 0.11168316831683177) 
(36.35960396039604, 41.358811881188124, 0.6954455445544561, 34.04910891089108, 41.20118811881188, 0.17821782178217832, 37.34059405940594, 0.21405940594059425, 35.05188118811881, 0.2330693069306932) 
(36.06257425742574, 41.281980198019816, 0.8261386138613868, 34.665148514851495, 41.05544554455447, 0.23960396039603976, 38.51227722772278, 0.26831683168316844, 34.29287128712872, 0.2835643564356438) 
(36.07643564356436, 41.40435643564357, 0.8334653465346542, 34.45584158415841, 41.0071287128713, 0.340792079207921, 36.54851485148515, 0.21722772277227737, 34.44633663366336, 0.4833663366336637) 
(35.69960396039604, 41.401584158415844, 1.031287128712872, 33.52534653465347, 41.32316831683168, 0.7609900990099014, 40.38891089108911, 0.4879207920792083, 33.73445544554456, 0.5045544554455448) 
(35.63841584158416, 41.51029702970296, 1.4346534653465357, 34.25188118811881, 41.40237623762378, 1.2085148514851491, 37.031089108910884, 0.8756435643564364, 33.87584158415842, 0.9600000000000009) 
(35.061584158415855, 41.48831683168317, 2.6893069306930713, 33.27089108910891, 41.41900990099009, 2.3320792079207937, 41.04316831683169, 1.4433663366336642, 34.358415841584154, 1.5354455445544564) 
(34.19089108910892, 41.508118811881204, 5.128514851485149, 32.52613861386138, 41.2180198019802, 3.521188118811884, 39.296831683168314, 2.563564356435645, 32.74930693069308, 3.6899009900990127) 
(32.40257425742575, 41.19445544554456, 10.368514851485152, 29.292673267326744, 40.76475247524754, 6.125544554455449, 35.99306930693069, 4.216831683168319, 29.804752475247525, 7.455247524752475) 
(30.367128712871303, 41.236435643564356, 22.02, 22.91009900990099, 40.606336633663375, 19.32851485148516, 33.03445544554455, 5.439009900990099, 25.19861386138614, 16.457227722772274) 
(27.988316831683164, 41.12891089108909, 34.62871287128713, 17.103168316831688, 40.35841584158416, 31.343762376237624, 29.963960396039617, 7.394653465346535, 16.225742574257435, 32.09960396039604) 
(27.13722772277227, 41.53722772277227, 40.878811881188106, 13.919207920792081, 41.01287128712872, 39.49168316831683, 28.23861386138613, 9.356237623762375, 14.018811881188117, 38.85465346534654) 
(22.702178217821785, 41.750099009900964, 41.62930693069308, 13.995445544554455, 41.50376237623762, 41.60376237623763, 25.51920792079208, 12.487524752475249, 14.604158415841587, 40.83564356435643) 
(24.535841584158423, 41.66990099009902, 41.990099009900995, 14.04435643564356, 41.444752475247526, 41.80198019801979, 24.832277227722777, 12.026138613861388, 12.254653465346538, 41.937029702970314) 
(21.854059405940593, 41.66336633663367, 42.0, 12.395049504950492, 41.44455445544556, 41.93881188118812, 23.057425742574267, 14.23465346534654, 13.961980198019809, 41.99227722772277) 
(19.91722772277228, 41.66633663366337, 42.0, 13.103762376237624, 41.481980198019805, 42.0, 20.778019801980207, 13.301386138613866, 12.843564356435644, 41.98594059405941) 
(18.450693069306936, 41.616435643564365, 42.0, 13.624356435643566, 41.539801980198014, 41.97742574257427, 20.217227722772282, 17.682376237623764, 13.607128712871283, 41.980198019801996) 
(18.36653465346535, 41.65643564356435, 42.0, 12.067128712871293, 41.46772277227724, 41.98792079207921, 20.358217821782183, 18.377227722772282, 13.024950495049508, 41.98079207920792) 
(16.85663366336633, 41.75881188118813, 42.0, 12.516633663366337, 41.39287128712872, 42.0, 41.548712871287115, 42.0, 12.764356435643569, 42.0) 
(15.12138613861386, 41.72059405940594, 42.0, 14.408910891089114, 41.61247524752476, 41.98316831683168, 41.46574257425743, 41.98792079207921, 14.528712871287134, 42.0) 
(36.450099009900995, 41.81445544554454, 0.6976237623762381, 33.97900990099011, 41.62099009900991, 0.1439603960396041, 38.34673267326733, 0.08930693069306937, 34.5540594059406, 0.15346534653465357) 
(36.60099009900992, 41.8291089108911, 0.6748514851485153, 34.55663366336634, 41.70178217821782, 0.16910891089108926, 38.763960396039614, 0.19049504950495064, 34.881980198019804, 0.14237623762376247) 
(36.035247524752485, 41.784158415841596, 0.8570297029702976, 34.67247524752475, 41.7160396039604, 0.2461386138613863, 37.97326732673268, 0.1865346534653467, 34.33168316831682, 0.16772277227722784) 
(36.080396039603954, 41.81188118811882, 0.7538613861386144, 34.22257425742574, 41.6659405940594, 0.4273267326732677, 39.60930693069309, 0.3001980198019804, 34.268316831683165, 0.5180198019801984) 
(35.95881188118812, 41.75722772277228, 0.9457425742574264, 34.24475247524752, 41.70653465346533, 0.6631683168316836, 39.49128712871287, 0.5017821782178221, 33.888118811881185, 0.603564356435644) 
(35.89584158415841, 41.825148514851485, 1.6273267326732683, 34.6029702970297, 41.69227722772279, 0.9097029702970306, 38.94, 0.6665346534653471, 34.603168316831685, 1.0708910891089116) 
(35.67980198019802, 41.81089108910892, 3.319405940594061, 33.8780198019802, 41.76910891089108, 1.600792079207922, 38.92257425742573, 1.0180198019801987, 32.63544554455446, 1.9099009900990116) 
(34.692475247524754, 41.837623762376246, 5.0265346534653474, 32.16693069306932, 41.39485148514849, 3.857029702970301, 39.087524752475254, 2.117227722772278, 31.33524752475248, 4.165544554455448) 
(32.24118811881188, 41.84376237623763, 11.645940594059407, 29.830099009900998, 41.34851485148517, 8.05128712871287, 38.94019801980198, 3.9150495049504976, 29.429900990099014, 8.696633663366336) 
(29.054851485148518, 41.796831683168335, 22.1829702970297, 23.90178217821783, 41.51940594059404, 18.262970297029703, 31.7520792079208, 6.1879207920792085, 21.92772277227723, 20.757425742574252) 
(27.344356435643572, 41.70257425742573, 32.955643564356436, 19.96316831683168, 41.33227722772276, 28.061782178217825, 29.215445544554452, 7.034653465346534, 20.385346534653465, 30.582970297029707) 
(26.56831683168317, 41.84059405940594, 39.8869306930693, 13.812871287128711, 41.6150495049505, 39.062376237623766, 32.64, 12.889504950495052, 13.629900990099012, 39.805940594059386) 
(23.660000000000007, 41.87821782178217, 41.90930693069307, 13.606534653465344, 41.82752475247525, 41.87425742574258, 25.99960396039605, 12.730693069306929, 13.847920792079202, 41.89069306930694) 
(20.34356435643565, 41.95564356435644, 42.0, 11.877425742574257, 41.73722772277229, 41.917227722772274, 16.92811881188119, 8.194257425742572, 13.618613861386143, 41.94970297029703) 
(20.068118811881188, 41.91247524752476, 42.0, 12.906732673267328, 41.858613861386154, 41.986732673267326, 21.569702970297037, 12.932673267326729, 11.38178217821782, 41.96435643564356) 
(20.887920792079218, 41.94752475247525, 42.0, 12.403564356435645, 41.71801980198019, 42.0, 22.932277227722782, 16.639405940594063, 12.048514851485153, 41.999801980198015) 
(18.349108910891086, 41.949504950495054, 42.0, 12.998811881188118, 41.86435643564358, 42.0, 20.79722772277228, 14.771089108910889, 12.86831683168317, 42.0) 
(18.50297029702971, 41.88831683168317, 42.0, 11.789306930693073, 41.865346534653455, 41.974455445544564, 23.548118811881196, 21.598613861386145, 13.627920792079204, 42.0) 
(17.142772277227717, 41.91069306930693, 42.0, 12.508910891089105, 41.735049504950496, 42.0, 27.1491089108911, 28.418217821782175, 12.347326732673267, 42.0) 
(16.047524752475248, 41.93643564356436, 42.0, 13.528712871287127, 41.7279207920792, 42.0, 41.76930693069306, 42.0, 11.995049504950497, 42.0) 
(36.29049504950496, 41.95009900990098, 0.6201980198019807, 34.63643564356436, 41.91762376237623, 0.1205940594059407, 37.49326732673267, 0.09069306930693077, 34.75524752475248, 0.1425742574257427) 
(36.410099009900996, 41.94534653465345, 0.7926732673267332, 34.79247524752477, 41.836039603960394, 0.17663366336633676, 39.85128712871287, 0.1073267326732674, 34.318811881188125, 0.08613861386138623) 
(36.04415841584159, 41.955049504950495, 0.8029702970297036, 34.22950495049504, 41.8728712871287, 0.30297029702970313, 40.324554455445565, 0.1603960396039605, 34.05821782178218, 0.32910891089108935) 
(35.60396039603961, 41.946138613861386, 0.7669306930693075, 34.29504950495049, 41.81049504950495, 0.4481188118811885, 37.109504950495065, 0.16574257425742586, 33.92950495049505, 0.4255445544554458) 
(35.661188118811886, 41.97366336633663, 1.0742574257425748, 33.57722772277228, 41.81009900990099, 0.5001980198019805, 38.86851485148513, 0.3225742574257428, 33.66396039603963, 0.553663366336634) 
(35.28772277227722, 41.95188118811881, 1.7887128712871299, 34.317425742574265, 41.88693069306932, 1.0510891089108918, 38.525940594059406, 0.6954455445544561, 33.766336633663364, 0.9477227722772286) 
(35.73881188118813, 41.9879207920792, 2.9277227722772294, 33.31089108910892, 41.852277227722766, 2.2609900990099026, 37.5069306930693, 1.0776237623762384, 33.59782178217823, 1.5071287128712885) 
(34.55643564356436, 41.92, 5.366138613861386, 33.207524752475265, 41.821980198019816, 2.9639603960396057, 41.812871287128715, 2.540396039603962, 33.28712871287129, 2.3271287128712888) 
(32.22099009900991, 41.90039603960396, 12.14831683168317, 29.164554455445543, 41.81267326732673, 8.884752475247526, 41.61445544554454, 6.6271287128712855, 28.891881188118802, 7.613069306930693) 
(30.207920792079207, 41.951089108910885, 24.23782178217822, 21.969504950495054, 41.824950495049514, 21.403762376237626, 37.88732673267328, 6.543366336633663, 22.907722772277236, 20.50178217821783) 
(27.44831683168317, 41.95623762376239, 34.206732673267325, 16.259009900990097, 41.9219801980198, 34.05683168316831, 27.96891089108912, 7.159405940594062, 19.84891089108911, 27.413465346534657) 
(27.876633663366338, 41.96138613861386, 40.8770297029703, 14.520594059405946, 41.94138613861387, 38.723366336633674, 29.5239603960396, 8.970495049504953, 13.933267326732668, 39.08514851485148) 
(23.721584158415848, 41.96574257425743, 41.873663366336636, 13.24237623762376, 41.96158415841584, 41.28336633663366, 28.27287128712872, 13.524950495049508, 14.193267326732672, 40.80574257425742) 
(23.976831683168328, 41.97603960396038, 42.0, 13.79386138613862, 41.92455445544555, 41.91940594059408, 23.428316831683173, 11.234653465346538, 14.469306930693069, 41.69722772277228) 
(19.437821782178215, 41.99128712871287, 42.0, 13.241782178217825, 41.85762376237624, 41.96732673267326, 23.69445544554456, 15.720792079207923, 13.133267326732675, 41.96297029702969) 
(19.471683168316844, 41.97821782178217, 42.0, 11.809108910891089, 41.90633663366336, 41.99227722772277, 21.93029702970297, 16.752475247524757, 13.108910891089108, 42.0) 
(18.44138613861386, 41.983960396039606, 42.0, 12.177029702970296, 41.91366336633664, 42.0, 24.30079207920793, 20.79841584158416, 13.06019801980198, 41.99049504950495) 
(16.75782178217822, 41.98554455445543, 42.0, 13.838019801980202, 41.97346534653465, 41.97346534653466, 31.002178217821772, 28.765148514851482, 12.573267326732669, 42.0) 
(17.257029702970293, 41.99029702970297, 42.0, 13.071089108910895, 41.95326732673268, 42.0, 17.948910891089124, 14.862970297029706, 13.38059405940594, 42.0) 
(15.561386138613859, 41.96059405940594, 42.0, 12.72574257425743, 41.903762376237616, 42.0, 41.94178217821783, 42.0, 12.990099009900993, 42.0) 
(36.13128712871286, 41.99702970297029, 0.6306930693069313, 34.375445544554466, 41.9219801980198, 0.10356435643564366, 40.48019801980197, 0.08376237623762381, 34.17069306930694, 0.14732673267326743) 
(36.20336633663365, 42.0, 0.6487128712871292, 33.7380198019802, 41.96831683168315, 0.22178217821782195, 38.93643564356435, 0.1510891089108912, 34.33148514851485, 0.23168316831683186) 
(35.919405940594054, 41.994851485148516, 0.6829702970297034, 34.65465346534654, 41.86495049504951, 0.215841584158416, 39.00099009900991, 0.20079207920792091, 34.326534653465345, 0.16851485148514864) 
(36.06316831683168, 41.99841584158416, 0.7540594059405946, 34.18217821782177, 41.93999999999999, 0.33009900990099034, 38.94019801980197, 0.14613861386138624, 34.287722772277235, 0.171881188118812) 
(35.88237623762377, 41.99722772277227, 0.9598019801980204, 33.67306930693068, 41.940000000000005, 0.6800000000000005, 38.673069306930714, 0.37960396039603994, 34.103960396039604, 0.6013861386138618) 
(35.620990099009894, 42.0, 1.559603960396041, 34.41465346534655, 41.91089108910892, 0.8966336633663373, 39.47346534653466, 0.7805940594059411, 33.84554455445545, 1.0601980198019807) 
(35.1720792079208, 41.99663366336634, 3.393663366336636, 33.381188118811885, 41.89900990099009, 1.990495049504952, 39.2520792079208, 1.2209900990099019, 33.619405940594056, 2.031485148514853) 
(34.3291089108911, 41.984752475247525, 5.1746534653465375, 32.85960396039604, 41.966930693069315, 2.8782178217821803, 37.18475247524754, 2.360396039603962, 32.902574257425755, 3.022178217821784) 
(32.86534653465346, 41.98316831683169, 12.946930693069303, 27.3081188118812, 41.91188118811882, 10.288118811881183, 36.122772277227725, 3.6281188118811913, 28.965940594059404, 8.860000000000001) 
(29.044158415841586, 41.989702970297024, 22.329306930693082, 21.598415841584167, 41.862574257425756, 21.292475247524756, 33.80554455445546, 7.984158415841586, 21.224158415841586, 22.261386138613872) 
(28.882772277227726, 41.99168316831684, 34.535049504950514, 16.85009900990099, 41.90435643564356, 33.82178217821782, 31.977623762376243, 8.114851485148517, 16.676237623762376, 33.63485148514852) 
(25.00970297029703, 41.992871287128715, 40.12039603960395, 13.321782178217822, 41.90811881188119, 39.406732673267335, 25.398415841584164, 8.362970297029705, 15.122574257425743, 39.485346534653466) 
(23.703366336633668, 41.99683168316832, 41.912475247524746, 12.188514851485154, 41.91366336633663, 41.87603960396039, 27.22138613861387, 13.216039603960397, 13.551485148514852, 41.23128712871287) 
(23.04554455445545, 42.0, 41.988712871287134, 13.282574257425743, 41.96336633663365, 41.92732673267327, 20.44376237623763, 9.421782178217821, 13.970495049504953, 41.923960396039604) 
(23.134059405940594, 42.0, 42.0, 12.567920792079203, 41.96554455445545, 41.999801980198015, 23.660594059405952, 13.468514851485153, 14.823168316831676, 41.95267326732672) 
(19.586732673267328, 42.0, 42.0, 14.246930693069315, 41.9580198019802, 42.0, 23.037425742574268, 17.444950495049504, 13.631089108910894, 41.999603960396044) 
(17.96297029702971, 42.0, 42.0, 13.338415841584164, 41.975643564356446, 42.0, 22.83980198019802, 17.63029702970297, 14.085742574257429, 42.0) 
(16.635049504950494, 42.0, 42.0, 13.330693069306932, 41.96237623762376, 42.0, 25.13861386138613, 22.71722772277227, 13.440594059405939, 41.995049504950494) 
(17.132079207920793, 41.9980198019802, 42.0, 14.513465346534653, 41.96158415841584, 41.9920792079208, 32.81168316831683, 31.701584158415848, 13.765742574257429, 42.0) 
(15.932079207920788, 42.0, 42.0, 12.426336633663363, 41.95544554455446, 42.0, 41.92495049504951, 42.0, 12.806732673267325, 41.99821782178218) 
(36.07564356435644, 42.0, 0.5382178217821786, 34.37643564356436, 41.94831683168317, 0.13524752475247534, 39.897821782178205, 0.13267326732673276, 34.091089108910886, 0.08059405940594065) 
(36.16594059405941, 42.0, 0.6297029702970302, 34.68336633663367, 41.95524752475247, 0.15623762376237635, 37.44891089108912, 0.1944554455445546, 34.10396039603962, 0.16554455445544566) 
(35.864950495049506, 42.0, 0.7502970297029709, 34.454059405940605, 41.982376237623754, 0.26079207920792097, 40.082574257425755, 0.20217821782178239, 33.97049504950496, 0.3071287128712873) 
(35.937623762376234, 42.0, 0.7297029702970304, 33.94891089108912, 41.972277227722756, 0.5158415841584161, 37.97069306930693, 0.27544554455445563, 34.032079207920795, 0.38910891089108934) 
(35.75900990099011, 42.0, 1.0760396039603968, 33.98732673267327, 41.980000000000004, 0.5916831683168321, 37.32732673267327, 0.35089108910891115, 33.92059405940594, 0.5916831683168321) 
(36.25029702970297, 42.0, 2.0849504950495064, 33.83663366336633, 41.96792079207922, 0.8514851485148521, 38.981980198019805, 0.7881188118811886, 34.25861386138615, 0.8651485148514857) 
(35.61207920792078, 42.0, 2.334653465346536, 33.86574257425742, 41.98594059405942, 1.6782178217821797, 37.68811881188118, 1.0328712871287136, 33.6419801980198, 1.6843564356435656) 
(34.15207920792078, 42.0, 5.8067326732673274, 32.10138613861387, 41.96772277227724, 3.300396039603963, 41.96574257425741, 3.2572277227722806, 32.92099009900989, 3.0413861386138636) 
(32.510891089108924, 42.0, 11.9409900990099, 30.398217821782183, 41.963762376237604, 7.656633663366333, 33.2239603960396, 2.924752475247527, 30.821584158415845, 6.526336633663367) 
(31.29940594059406, 42.0, 24.032673267326746, 22.89960396039604, 41.96336633663366, 19.66930693069307, 33.571089108910904, 5.233069306930693, 21.644158415841588, 22.225940594059406) 
(28.84851485148516, 42.0, 34.65504950495049, 16.19386138613861, 41.92910891089109, 32.622772277227725, 35.03742574257426, 9.911881188118814, 16.623960396039603, 29.7720792079208) 
(25.339207920792088, 42.0, 40.71801980198021, 14.253663366336637, 41.97564356435643, 38.92455445544554, 28.27623762376238, 9.692277227722771, 15.759603960396042, 39.484950495049524) 
(22.177425742574258, 42.0, 41.950297029702966, 14.33742574257426, 41.98752475247525, 40.320792079207926, 34.824950495049514, 19.741188118811884, 13.03980198019802, 40.51702970297029) 
(21.742376237623773, 42.0, 41.99425742574258, 13.066534653465345, 41.943168316831674, 41.976039603960395, 21.71782178217821, 10.760594059405939, 13.418217821782175, 41.779801980198016) 
(18.90653465346536, 42.0, 42.0, 13.467128712871292, 41.96079207920793, 41.975049504950476, 19.540396039603962, 10.864554455445546, 14.225544554455444, 42.0) 
(21.0, 42.0, 42.0, 12.21089108910891, 41.99524752475248, 42.0, 25.376633663366338, 17.65247524752476, 12.81207920792079, 42.0) 
(19.65881188118812, 42.0, 42.0, 12.825940594059412, 41.99386138613862, 42.0, 20.819405940594056, 13.748316831683164, 15.043366336633664, 42.0) 
(18.417821782178223, 42.0, 42.0, 14.34316831683168, 41.95861386138614, 41.99623762376238, 22.593861386138617, 18.529900990099023, 14.50653465346535, 42.0) 
(15.057029702970297, 42.0, 42.0, 13.938217821782185, 41.993663366336634, 42.0, 41.979603960396055, 42.0, 13.714059405940596, 41.98039603960396) 
(17.453663366336638, 42.0, 42.0, 12.364752475247522, 41.97881188118811, 42.0, 18.07841584158416, 14.203366336633657, 12.228712871287133, 42.0) 
(36.318811881188125, 42.0, 0.5479207920792083, 33.738415841584164, 42.0, 0.11346534653465358, 39.043960396039616, 0.09861386138613869, 33.738415841584164, 0.11346534653465358) 
(35.97207920792079, 42.0, 0.621584158415842, 34.312277227722774, 41.9770297029703, 0.1734653465346536, 39.839801980198025, 0.1384158415841585, 34.65960396039605, 0.1550495049504952) 
(36.03584158415841, 42.0, 0.6467326732673272, 34.14613861386139, 41.97762376237625, 0.29722772277227744, 40.084356435643556, 0.21287128712871303, 33.59782178217823, 0.4168316831683171) 
(35.62594059405941, 42.0, 0.893267326732674, 34.117029702970314, 41.99425742574259, 0.4378217821782182, 39.42534653465345, 0.40950495049504976, 34.141584158415846, 0.2984158415841586) 
(35.71623762376239, 42.0, 0.9910891089108917, 33.31326732673268, 41.978415841584166, 0.5740594059405945, 40.784158415841596, 0.5405940594059409, 33.758613861386124, 0.7013861386138619) 
(35.87544554455446, 42.0, 1.91881188118812, 33.755841584158425, 41.988712871287134, 1.374059405940595, 38.26732673267328, 0.6170297029702975, 33.630891089108914, 1.0629702970297037) 
(35.133465346534656, 42.0, 3.248712871287131, 32.21128712871288, 41.9530693069307, 3.038613861386141, 37.545940594059395, 1.1550495049504959, 33.878415841584165, 1.7718811881188132) 
(34.06039603960396, 42.0, 5.328910891089109, 31.36514851485148, 41.950099009900995, 4.673069306930695, 37.20237623762377, 1.844752475247526, 32.502178217821786, 3.2552475247524773) 
(32.14376237623764, 42.0, 13.822772277227715, 29.38, 41.991089108910884, 9.202970297029703, 36.42871287128714, 4.236039603960399, 29.430891089108915, 8.610891089108913) 
(31.68752475247525, 42.0, 23.60930693069308, 22.769504950495048, 41.98118811881187, 19.251881188118816, 33.79069306930692, 4.916435643564358, 23.3140594059406, 20.56930693069307) 
(28.908910891089114, 42.0, 34.60970297029703, 19.28534653465347, 41.97445544554455, 30.817227722772277, 29.144554455445554, 4.910297029702972, 16.519207920792084, 33.96059405940595) 
(25.55485148514853, 42.0, 41.40613861386139, 15.026930693069305, 41.98178217821782, 39.00613861386138, 22.39029702970297, 5.69980198019802, 15.180594059405946, 38.94475247524752) 
(21.005940594059407, 42.0, 41.96990099009902, 12.969702970297032, 42.0, 41.95524752475247, 26.506138613861385, 12.390495049504947, 12.969702970297032, 41.95524752475247) 
(21.494059405940607, 42.0, 41.99524752475248, 13.149504950495055, 42.0, 41.84158415841585, 22.930891089108922, 11.882772277227728, 13.149504950495055, 41.84158415841585) 
(21.547920792079214, 42.0, 42.0, 14.06693069306931, 42.0, 41.965544554455455, 28.22178217821784, 18.53247524752476, 14.06693069306931, 41.965544554455455) 
(18.354653465346534, 42.0, 42.0, 12.209702970297027, 42.0, 42.0, 25.540990099009903, 17.54613861386139, 12.209702970297027, 42.0) 
(18.58772277227722, 42.0, 42.0, 13.243168316831689, 41.98118811881188, 41.962178217821794, 17.33980198019802, 11.158613861386137, 14.694257425742572, 41.98158415841584) 
(18.60712871287129, 42.0, 42.0, 13.307722772277227, 41.986138613861385, 42.0, 26.2720792079208, 22.310495049504954, 12.96138613861386, 42.0) 
(18.018217821782176, 42.0, 42.0, 12.350693069306931, 42.0, 42.0, 28.355643564356445, 25.09683168316832, 12.350693069306931, 42.0) 
(16.694653465346544, 42.0, 42.0, 13.475247524752477, 41.960792079207934, 42.0, 41.976039603960395, 42.0, 13.785148514851485, 42.0) 
(36.17188118811882, 42.0, 0.6685148514851489, 34.4910891089109, 41.9960396039604, 0.1180198019801981, 40.05881188118813, 0.06257425742574263, 34.36435643564356, 0.19207920792079225) 
(35.890099009900986, 42.0, 0.6950495049504956, 34.56693069306932, 41.94534653465345, 0.1485148514851486, 38.0641584158416, 0.12376237623762384, 34.34435643564357, 0.13643564356435653) 
(35.95386138613861, 42.0, 0.6396039603960401, 34.057029702970304, 42.0, 0.3586138613861389, 36.4629702970297, 0.19762376237623774, 34.057029702970304, 0.3586138613861389) 
(35.961188118811876, 42.0, 0.8297029702970303, 34.268118811881195, 42.0, 0.36554455445544576, 37.74039603960397, 0.2675247524752477, 34.268118811881195, 0.36554455445544576) 
(35.86237623762377, 42.0, 0.9817821782178224, 33.740396039603965, 41.99227722772277, 0.7768316831683174, 39.01425742574258, 0.4203960396039607, 33.97465346534654, 0.7732673267326738) 
(35.26158415841586, 42.0, 1.6132673267326747, 34.105544554455435, 41.979009900990114, 1.175445544554456, 38.84831683168317, 0.6427722772277233, 33.77920792079209, 0.998019801980199) 
(35.414059405940584, 42.0, 3.3229702970297046, 33.550099009901, 41.98970297029703, 1.6643564356435656, 39.33148514851487, 1.1435643564356444, 33.34534653465348, 1.7944554455445558) 
(34.16118811881188, 42.0, 6.333861386138612, 33.866534653465344, 41.98574257425742, 2.3198019801980214, 42.0, 2.523762376237625, 33.95801980198019, 2.274257425742576) 
(33.75683168316831, 42.0, 11.13841584158416, 28.691287128712876, 42.0, 9.641584158415842, 36.16257425742573, 3.390099009900992, 28.691287128712876, 9.641584158415842) 
(29.996831683168327, 42.0, 20.815643564356442, 23.795841584158424, 41.96712871287129, 17.97524752475248, 35.5039603960396, 6.591881188118813, 25.15287128712872, 16.549504950495052) 
(28.992475247524748, 42.0, 33.590891089108915, 17.891881188118816, 41.99227722772277, 31.357227722772283, 29.91267326732673, 5.456039603960398, 17.553267326732673, 31.102970297029696) 
(27.809306930693076, 42.0, 39.88732673267327, 14.241782178217827, 41.98811881188119, 38.33900990099011, 30.131485148514866, 9.243564356435645, 14.128910891089111, 38.3350495049505) 
(24.399009900990094, 42.0, 41.95544554455446, 13.338019801980202, 41.98039603960396, 41.37920792079207, 27.105742574257434, 10.838415841584153, 13.002574257425744, 41.44138613861385) 
(21.961386138613875, 42.0, 41.99326732673267, 14.102376237623762, 41.98158415841584, 41.965742574257405, 27.911485148514856, 15.468316831683168, 13.758019801980199, 41.976633663366336) 
(21.03524752475248, 42.0, 42.0, 13.052673267326728, 42.0, 41.988712871287134, 23.496831683168327, 12.733069306930691, 13.052673267326728, 41.988712871287134) 
(18.622178217821787, 42.0, 42.0, 13.330297029702972, 42.0, 42.0, 24.104356435643563, 17.023564356435646, 13.330297029702972, 42.0) 
(18.09643564356436, 42.0, 42.0, 13.17089108910891, 42.0, 41.99900990099011, 18.353861386138618, 12.325940594059405, 13.17089108910891, 41.99900990099011) 
(17.21247524752475, 42.0, 42.0, 12.612871287128709, 41.985346534653466, 42.0, 16.745940594059405, 11.847722772277228, 12.871881188118815, 42.0) 
(17.07960396039604, 42.0, 42.0, 13.127722772277227, 42.0, 42.0, 18.769900990099014, 14.935445544554458, 13.127722772277227, 42.0) 
(16.44455445544554, 42.0, 42.0, 12.868712871287121, 42.0, 42.0, 18.651485148514855, 16.306930693069308, 12.868712871287121, 42.0) 
(35.999207920792074, 42.0, 0.6033663366336637, 33.46554455445545, 42.0, 0.026732673267326746, 39.72277227722775, 0.09405940594059412, 33.46554455445545, 0.026732673267326746) 
(35.82039603960396, 42.0, 0.7061386138613867, 34.03841584158416, 42.0, 0.20138613861386157, 40.31722772277229, 0.1932673267326734, 34.03841584158416, 0.20138613861386157) 
(36.16257425742573, 42.0, 0.826534653465347, 34.17782178217822, 42.0, 0.28099009900990113, 38.411089108910886, 0.13584158415841593, 34.17782178217822, 0.28099009900990113) 
(35.937821782178226, 42.0, 0.701584158415842, 34.02910891089108, 42.0, 0.4554455445544557, 40.06158415841584, 0.3164356435643566, 34.02910891089108, 0.4554455445544557) 
(35.54039603960397, 42.0, 1.0453465346534658, 33.940396039603954, 42.0, 0.6190099009900993, 39.785940594059404, 0.6271287128712876, 33.940396039603954, 0.6190099009900993) 
(35.73841584158416, 42.0, 1.5198019801980207, 34.18653465346535, 42.0, 0.9807920792079216, 40.525148514851466, 0.7954455445544562, 34.18653465346535, 0.9807920792079216) 
(35.2629702970297, 42.0, 3.872475247524755, 34.225742574257424, 42.0, 1.5194059405940605, 39.703168316831686, 1.1221782178217827, 34.225742574257424, 1.5194059405940605) 
(34.130099009900995, 42.0, 4.151881188118815, 33.61128712871288, 42.0, 2.7118811881188134, 38.30752475247526, 2.573267326732675, 33.61128712871288, 2.7118811881188134) 
(31.712673267326725, 42.0, 11.0039603960396, 28.70277227722773, 41.999603960396044, 8.901980198019803, 34.52475247524752, 4.021782178217824, 27.963168316831688, 9.075247524752477) 
(30.131485148514855, 42.0, 23.937821782178222, 22.119405940594078, 42.0, 21.12079207920792, 35.52237623762377, 5.831089108910891, 22.119405940594078, 21.12079207920792) 
(27.62752475247525, 42.0, 35.42415841584159, 17.032079207920795, 42.0, 33.854455445544566, 31.584950495049505, 7.893465346534654, 17.032079207920795, 33.854455445544566) 
(25.001980198019805, 42.0, 40.14257425742574, 14.870693069306938, 42.0, 39.634851485148516, 28.053267326732666, 8.707326732673266, 14.870693069306938, 39.634851485148516) 
(23.520198019801978, 42.0, 41.907524752475254, 13.58455445544555, 42.0, 41.539801980198014, 26.41227722772276, 10.497029702970297, 13.58455445544555, 41.539801980198014) 
(22.228910891089118, 42.0, 41.995247524752486, 14.044554455445551, 42.0, 41.93544554455445, 25.493267326732678, 12.62376237623762, 14.044554455445551, 41.93544554455445) 
(19.964752475247526, 42.0, 42.0, 12.729900990099008, 42.0, 42.0, 21.897821782178223, 12.318415841584159, 12.729900990099008, 42.0) 
(19.21386138613861, 42.0, 42.0, 12.66792079207921, 42.0, 42.0, 18.060792079207925, 10.462772277227721, 12.66792079207921, 42.0) 
(19.66118811881189, 42.0, 42.0, 12.880594059405936, 42.0, 42.0, 21.67386138613861, 14.484356435643566, 12.880594059405936, 42.0) 
(17.204752475247528, 42.0, 42.0, 12.520792079207915, 42.0, 42.0, 25.976435643564365, 20.69247524752476, 12.520792079207915, 42.0) 
(15.956237623762375, 42.0, 42.0, 13.082178217821781, 42.0, 42.0, 42.0, 42.0, 13.082178217821781, 42.0) 
(16.399603960396043, 42.0, 42.0, 12.471287128712879, 42.0, 42.0, 18.950693069306936, 16.144554455445547, 12.471287128712879, 42.0) 
(36.46950495049505, 42.0, 0.6809900990099016, 34.02138613861388, 42.0, 0.13247524752475254, 39.248118811881184, 0.107920792079208, 34.02138613861388, 0.13247524752475254) 
(35.98158415841584, 42.0, 0.5918811881188123, 34.152673267326726, 42.0, 0.26376237623762394, 40.14158415841583, 0.1633663366336635, 34.152673267326726, 0.26376237623762394) 
(36.16574257425742, 42.0, 0.6887128712871292, 34.03960396039604, 42.0, 0.29049504950495064, 40.14811881188119, 0.17504950495049518, 34.03960396039604, 0.29049504950495064) 
(35.44376237623763, 42.0, 0.8372277227722777, 34.16871287128714, 42.0, 0.43940594059405963, 38.8920792079208, 0.43881188118811915, 34.16871287128714, 0.43940594059405963) 
(35.93980198019802, 42.0, 0.9546534653465354, 33.89287128712872, 42.0, 0.5704950495049509, 38.752277227722765, 0.5475247524752479, 33.89287128712872, 0.5704950495049509) 
(35.3182178217822, 42.0, 1.7225742574257437, 34.18653465346535, 42.0, 0.9807920792079216, 40.564554455445545, 1.532871287128714, 34.18653465346535, 0.9807920792079216) 
(35.0251485148515, 42.0, 2.939405940594061, 33.57782178217821, 41.990099009900995, 1.6374257425742587, 37.319207920792074, 1.2619801980198029, 33.901782178217815, 1.6451485148514864) 
(33.483168316831694, 42.0, 5.3683168316831695, 31.255841584158425, 42.0, 4.219009900990101, 42.0, 2.974455445544556, 31.255841584158425, 4.219009900990101) 
(32.38910891089108, 42.0, 11.429900990099009, 30.45326732673268, 41.99465346534654, 6.963366336633662, 42.0, 6.112673267326735, 30.364158415841587, 7.019801980198021) 
(30.39108910891091, 42.0, 22.613069306930704, 21.009900990099016, 42.0, 21.60930693069308, 32.443762376237636, 5.521782178217824, 21.009900990099016, 21.60930693069308) 
(26.526930693069318, 42.0, 34.9740594059406, 17.938811881188123, 42.0, 32.75663366336634, 27.771287128712867, 7.403564356435645, 17.938811881188123, 32.75663366336634) 
(26.547524752475265, 42.0, 40.557029702970276, 13.408910891089105, 42.0, 39.328514851485146, 30.503762376237624, 11.986732673267323, 13.408910891089105, 39.328514851485146) 
(23.6120792079208, 42.0, 41.880990099009914, 14.533663366336636, 42.0, 41.599603960396045, 24.237227722772285, 9.563960396039601, 14.533663366336636, 41.599603960396045) 
(22.782574257425743, 42.0, 41.99702970297031, 13.408712871287126, 42.0, 41.77009900990099, 22.431485148514856, 9.026930693069307, 13.408712871287126, 41.77009900990099) 
(21.36831683168317, 42.0, 42.0, 12.717821782178214, 42.0, 41.95722772277228, 28.26990099009902, 18.4160396039604, 12.717821782178214, 41.95722772277228) 
(18.615643564356436, 42.0, 42.0, 13.912475247524752, 42.0, 41.986534653465355, 22.9281188118812, 15.477227722772275, 13.912475247524752, 41.986534653465355) 
(19.28297029702971, 42.0, 42.0, 12.85188118811881, 42.0, 42.0, 24.02059405940596, 17.760594059405946, 12.85188118811881, 42.0) 
(15.989702970297028, 42.0, 42.0, 14.408712871287126, 42.0, 41.98356435643564, 23.90831683168317, 19.519603960396044, 14.408712871287126, 41.98356435643564) 
(18.26831683168317, 42.0, 42.0, 14.440198019801981, 42.0, 42.0, 23.082376237623762, 19.86019801980198, 14.440198019801981, 42.0) 
(15.828514851485153, 42.0, 42.0, 13.762772277227722, 42.0, 42.0, 22.852871287128725, 20.541584158415848, 13.762772277227722, 42.0) 
(35.77980198019803, 42.0, 0.4891089108910895, 35.03960396039602, 42.0, 0.07425742574257432, 38.72257425742573, 0.04831683168316835, 35.03960396039602, 0.07425742574257432) 
(35.57089108910892, 42.0, 0.7225742574257431, 34.442772277227725, 42.0, 0.1716831683168318, 38.32158415841584, 0.10000000000000007, 34.442772277227725, 0.1716831683168318) 
(36.134851485148516, 42.0, 0.9007920792079216, 34.49425742574258, 42.0, 0.22950495049504965, 39.035049504950514, 0.21227722772277244, 34.49425742574258, 0.22950495049504965) 
(35.85643564356436, 42.0, 0.8960396039603967, 33.97386138613861, 42.0, 0.5647524752475251, 39.106138613861376, 0.3255445544554457, 33.97386138613861, 0.5647524752475251) 
(35.81881188118812, 42.0, 0.965148514851486, 34.184158415841566, 42.0, 0.6833663366336639, 40.02970297029706, 0.5237623762376241, 34.184158415841566, 0.6833663366336639) 
(35.34277227722772, 42.0, 1.6839603960396052, 34.18653465346535, 42.0, 0.9807920792079216, 40.535247524752485, 1.49881188118812, 34.18653465346535, 0.9807920792079216) 
(35.2079207920792, 42.0, 2.7744554455445565, 32.85188118811882, 42.0, 2.270099009900992, 40.17366336633664, 1.4643564356435657, 32.85188118811882, 2.270099009900992) 
(34.01782178217823, 42.0, 4.653069306930696, 32.86574257425742, 42.0, 2.97722772277228, 41.98970297029703, 2.9067326732673284, 32.86574257425742, 2.97722772277228) 
(32.90633663366337, 42.0, 10.855247524752478, 29.10930693069307, 42.0, 7.1609900990099025, 37.695841584158416, 4.303366336633665, 29.10930693069307, 7.1609900990099025) 
(29.366138613861388, 42.0, 19.926534653465346, 23.228712871287133, 42.0, 18.043564356435642, 38.315841584158406, 9.714653465346531, 23.228712871287133, 18.043564356435642) 
(30.46237623762377, 42.0, 34.60079207920793, 16.106732673267324, 42.0, 33.51940594059406, 34.691683168316835, 9.032673267326734, 16.106732673267324, 33.51940594059406) 
(24.295445544554465, 42.0, 39.6980198019802, 17.61386138613862, 42.0, 39.359603960396036, 28.39584158415842, 10.223168316831684, 17.61386138613862, 39.359603960396036) 
(24.233663366336632, 42.0, 41.93029702970297, 13.06, 42.0, 41.672079207920795, 25.976435643564372, 10.949306930693073, 13.06, 41.672079207920795) 
(22.920198019801976, 42.0, 41.99663366336634, 13.704158415841585, 42.0, 41.8508910891089, 26.153861386138615, 12.77425742574257, 13.704158415841585, 41.8508910891089) 
(19.49841584158416, 42.0, 42.0, 12.961188118811883, 42.0, 41.96277227722773, 22.90613861386139, 13.183762376237622, 12.961188118811883, 41.96277227722773) 
(18.209504950495052, 42.0, 42.0, 14.876633663366333, 42.0, 41.96712871287129, 24.27960396039605, 17.314455445544564, 14.876633663366333, 41.96712871287129) 
(18.160198019801985, 42.0, 42.0, 12.354455445544556, 42.0, 41.98633663366336, 26.05326732673268, 19.809306930693072, 12.354455445544556, 41.98633663366336) 
(18.627722772277234, 42.0, 42.0, 13.767326732673272, 42.0, 42.0, 19.61366336633664, 14.20356435643564, 13.767326732673272, 42.0) 
(16.21960396039604, 42.0, 42.0, 12.528316831683169, 42.0, 42.0, 42.0, 42.0, 12.528316831683169, 42.0) 
(17.013069306930696, 42.0, 42.0, 12.856039603960397, 42.0, 42.0, 22.868514851485152, 18.157623762376243, 12.856039603960397, 42.0) 
(35.79465346534655, 42.0, 0.6899009900990104, 34.16495049504948, 42.0, 0.1807920792079209, 39.16059405940594, 0.18990099009901004, 34.16495049504948, 0.1807920792079209) 
(36.201386138613856, 42.0, 0.6170297029702975, 34.62792079207919, 42.0, 0.15623762376237635, 37.57049504950496, 0.1944554455445546, 34.62792079207919, 0.15623762376237635) 
(35.47029702970297, 42.0, 0.7962376237623768, 34.54257425742574, 42.0, 0.31940594059405963, 40.702772277227716, 0.18059405940594073, 34.54257425742574, 0.31940594059405963) 
(36.35326732673267, 42.0, 0.723366336633664, 33.27168316831683, 42.0, 0.413663366336634, 38.412475247524746, 0.2211881188118813, 33.27168316831683, 0.413663366336634) 
(35.37623762376238, 42.0, 0.9487128712871294, 33.998811881188125, 42.0, 0.7037623762376242, 38.32, 0.5190099009900992, 33.998811881188125, 0.7037623762376242) 
(35.04376237623762, 42.0, 1.5750495049504962, 34.608316831683176, 42.0, 0.9449504950495056, 37.474653465346556, 0.7576237623762381, 34.608316831683176, 0.9449504950495056) 
(34.888514851485155, 42.0, 2.7340594059405956, 34.607722772277235, 42.0, 1.4819801980198029, 42.0, 1.4736633663366348, 34.607722772277235, 1.4819801980198029) 
(34.559801980198024, 42.0, 5.676831683168318, 32.858019801980205, 42.0, 2.919207920792082, 39.08475247524754, 2.474059405940596, 32.858019801980205, 2.919207920792082) 
(31.715841584158426, 42.0, 10.837029702970296, 28.416237623762374, 42.0, 8.525544554455443, 34.306534653465334, 4.369504950495052, 28.416237623762374, 8.525544554455443) 
(29.60990099009902, 42.0, 22.289108910891088, 25.771683168316834, 42.0, 17.3190099009901, 32.85267326732672, 6.102772277227724, 25.771683168316834, 17.3190099009901) 
(27.658019801980203, 42.0, 33.24455445544555, 17.903366336633663, 42.0, 31.679009900990092, 34.392673267326735, 9.37009900990099, 17.903366336633663, 31.679009900990092) 
(26.632277227722785, 42.0, 40.18950495049504, 15.125346534653465, 42.0, 38.483960396039606, 30.295247524752487, 9.806732673267321, 15.125346534653465, 38.483960396039606) 
(25.03485148514852, 42.0, 41.84772277227722, 13.00910891089109, 42.0, 41.30178217821783, 30.13841584158416, 14.925940594059405, 13.00910891089109, 41.30178217821783) 
(20.858613861386143, 42.0, 41.98514851485149, 12.888118811881187, 42.0, 41.9540594059406, 23.986930693069304, 12.369108910891088, 12.888118811881187, 41.9540594059406) 
(19.6091089108911, 42.0, 42.0, 13.447128712871283, 42.0, 41.976237623762394, 21.418415841584164, 10.941188118811878, 13.447128712871283, 41.976237623762394) 
(16.899009900990105, 42.0, 42.0, 13.116039603960388, 42.0, 42.0, 17.571089108910897, 9.616039603960399, 13.116039603960388, 42.0) 
(15.844752475247526, 42.0, 42.0, 12.715643564356434, 42.0, 41.9980198019802, 42.0, 42.0, 12.715643564356434, 41.9980198019802) 
(17.894653465346533, 42.0, 42.0, 13.392277227722774, 42.0, 41.982970297029695, 19.470297029702976, 14.745940594059405, 13.392277227722774, 41.982970297029695) 
(18.152475247524748, 42.0, 42.0, 13.032079207920793, 42.0, 41.999603960396044, 23.96930693069306, 18.796237623762373, 13.032079207920793, 41.999603960396044) 
(16.149504950495054, 42.0, 42.0, 13.844950495049506, 42.0, 42.0, 42.0, 42.0, 13.844950495049506, 42.0) 
(35.93386138613863, 42.0, 0.5322772277227726, 34.3449504950495, 42.0, 0.23425742574257444, 39.50257425742576, 0.12316831683168328, 34.3449504950495, 0.23425742574257444) 
(36.06732673267327, 42.0, 0.6796039603960401, 34.444554455445555, 41.99465346534654, 0.1415841584158417, 40.253861386138624, 0.12237623762376247, 34.30613861386138, 0.16851485148514864) 
(36.05386138613863, 42.0, 0.8960396039603967, 34.84950495049507, 42.0, 0.2603960396039606, 38.63524752475248, 0.2039603960396041, 34.84950495049507, 0.2603960396039606) 
(35.815445544554464, 42.0, 0.8306930693069313, 34.583564356435645, 42.0, 0.3324752475247527, 38.12990099009901, 0.3241584158415844, 34.583564356435645, 0.3324752475247527) 
(35.61683168316833, 42.0, 1.0207920792079215, 34.7271287128713, 42.0, 0.5495049504950499, 37.44653465346537, 0.3960396039603963, 34.7271287128713, 0.5495049504950499) 
(35.103168316831685, 42.0, 1.8154455445544573, 33.83287128712871, 42.0, 0.9708910891089118, 42.0, 0.9366336633663372, 33.83287128712871, 0.9708910891089118) 
(34.87584158415842, 42.0, 3.0613861386138637, 33.81603960396039, 42.0, 1.7223762376237635, 42.0, 1.5750495049504962, 33.81603960396039, 1.7223762376237635) 
(34.562970297029715, 42.0, 5.7831683168316825, 31.74930693069307, 42.0, 4.424158415841587, 41.32455445544556, 2.1110891089108925, 31.74930693069307, 4.424158415841587) 
(32.073861386138624, 42.0, 10.467722772277233, 28.749306930693084, 42.0, 9.779405940594055, 41.96871287128712, 5.014851485148518, 28.749306930693084, 9.779405940594055) 
(29.055049504950503, 42.0, 22.74594059405941, 22.69544554455445, 42.0, 19.79485148514852, 32.44237623762377, 6.296435643564358, 22.69544554455445, 19.79485148514852) 
(28.823564356435647, 42.0, 36.392475247524764, 18.50990099009901, 42.0, 31.921584158415847, 31.58, 7.758019801980199, 18.50990099009901, 31.921584158415847) 
(25.04455445544556, 42.0, 40.429108910891095, 14.009504950495048, 42.0, 40.22495049504953, 28.556435643564363, 10.225148514851485, 14.009504950495048, 40.22495049504953) 
(24.041980198019807, 42.0, 41.89940594059407, 12.72356435643564, 42.0, 41.72891089108912, 27.962970297029717, 12.385148514851485, 12.72356435643564, 41.72891089108912) 
(21.080990099009902, 42.0, 42.0, 14.967524752475251, 42.0, 41.7659405940594, 31.08653465346535, 20.000594059405934, 14.967524752475251, 41.7659405940594) 
(19.684158415841594, 42.0, 42.0, 14.253663366336637, 42.0, 41.968910891089116, 27.51247524752475, 19.138217821782177, 14.253663366336637, 41.968910891089116) 
(18.69247524752475, 42.0, 42.0, 13.87683168316832, 42.0, 41.985346534653466, 24.86712871287128, 16.888316831683166, 13.87683168316832, 41.985346534653466) 
(18.61722772277228, 42.0, 42.0, 14.54712871287129, 42.0, 42.0, 23.869900990099026, 17.911089108910893, 14.54712871287129, 42.0) 
(16.576831683168315, 42.0, 42.0, 12.416435643564348, 42.0, 42.0, 22.106336633663368, 17.027524752475244, 12.416435643564348, 42.0) 
(16.96396039603961, 42.0, 42.0, 13.086138613861385, 42.0, 42.0, 25.202970297029726, 22.06871287128712, 13.086138613861385, 42.0) 
(15.82554455445545, 42.0, 42.0, 12.719009900990098, 42.0, 42.0, 42.0, 42.0, 12.719009900990098, 42.0) 
(35.960198019802, 42.0, 0.5617821782178221, 34.10336633663367, 42.0, 0.1500990099009902, 39.81029702970297, 0.08000000000000004, 34.10336633663367, 0.1500990099009902) 
(35.95029702970298, 42.0, 0.6746534653465353, 33.85425742574259, 42.0, 0.2330693069306932, 40.5170297029703, 0.1205940594059407, 33.85425742574259, 0.2330693069306932) 
(35.85663366336634, 42.0, 0.7800000000000006, 34.137821782178236, 42.0, 0.1821782178217823, 39.54336633663367, 0.15267326732673278, 34.137821782178236, 0.1821782178217823) 
(35.44851485148515, 42.0, 0.8041584158415847, 34.17247524752476, 42.0, 0.3904950495049508, 42.0, 0.3518811881188121, 34.17247524752476, 0.3904950495049508) 
(35.35643564356436, 42.0, 1.040396039603961, 34.00396039603961, 42.0, 0.6150495049504955, 39.851089108910884, 0.5261386138613864, 34.00396039603961, 0.6150495049504955) 
(34.99168316831684, 42.0, 1.6902970297029714, 34.024752475247524, 42.0, 0.8813861386138621, 38.33227722772278, 0.7657425742574262, 34.024752475247524, 0.8813861386138621) 
(35.8071287128713, 42.0, 3.3364356435643594, 34.09326732673268, 42.0, 1.8558415841584168, 39.450693069306915, 0.9920792079207928, 34.09326732673268, 1.8558415841584168) 
(33.8180198019802, 42.0, 5.7574257425742585, 32.38871287128714, 42.0, 4.054851485148518, 42.0, 2.4366336633663384, 32.38871287128714, 4.054851485148518) 
(31.99029702970297, 42.0, 11.101980198019804, 30.400990099009906, 42.0, 6.207524752475249, 42.0, 6.24950495049505, 30.400990099009906, 6.207524752475249) 
(28.86673267326733, 42.0, 21.383366336633678, 26.26079207920793, 42.0, 15.44178217821782, 36.83544554455447, 9.028316831683169, 26.26079207920793, 15.44178217821782) 
(28.865742574257432, 42.0, 35.16257425742573, 17.78752475247525, 42.0, 32.00851485148516, 34.58613861386138, 8.949306930693071, 17.78752475247525, 32.00851485148516) 
(24.729108910891092, 42.0, 40.33326732673268, 14.721188118811881, 42.0, 39.19861386138614, 31.57326732673268, 11.99980198019802, 14.721188118811881, 39.19861386138614) 
(22.606336633663368, 42.0, 41.84118811881189, 13.824752475247523, 42.0, 41.74891089108911, 23.815643564356446, 8.216237623762376, 13.824752475247523, 41.74891089108911) 
(23.28970297029703, 42.0, 41.962178217821766, 13.627722772277233, 42.0, 41.64772277227721, 24.4380198019802, 11.604950495049508, 13.627722772277233, 41.64772277227721) 
(21.229702970297037, 42.0, 42.0, 14.037623762376239, 42.0, 41.965544554455455, 28.82138613861387, 18.81287128712872, 14.037623762376239, 41.965544554455455) 
(20.682970297029694, 42.0, 42.0, 13.86891089108911, 42.0, 41.98356435643564, 22.17069306930693, 13.517425742574256, 13.86891089108911, 41.98356435643564) 
(18.848910891089115, 42.0, 42.0, 12.488316831683171, 42.0, 42.0, 26.641386138613857, 20.16950495049506, 12.488316831683171, 42.0) 
(15.604752475247526, 42.0, 42.0, 13.877425742574257, 42.0, 42.0, 42.0, 42.0, 13.877425742574257, 42.0) 
(16.759405940594053, 42.0, 42.0, 13.02, 42.0, 42.0, 20.511881188118814, 15.352277227722771, 13.02, 42.0) 
(15.787722772277222, 42.0, 42.0, 14.607524752475248, 42.0, 42.0, 17.111485148514856, 13.848514851485149, 14.607524752475248, 42.0) 
(35.843960396039606, 42.0, 0.6174257425742578, 34.59029702970297, 42.0, 0.09603960396039615, 38.149702970297035, 0.08970297029702975, 34.59029702970297, 0.09603960396039615) 
(35.31584158415842, 42.0, 0.7877227722772283, 34.37782178217823, 42.0, 0.17227722772277243, 40.45782178217823, 0.14732673267326743, 34.37782178217823, 0.17227722772277243) 
(35.81049504950495, 42.0, 0.6702970297029708, 34.22930693069307, 42.0, 0.24792079207920806, 38.131683168316826, 0.2441584158415843, 34.22930693069307, 0.24792079207920806) 
(35.94316831683168, 42.0, 0.9009900990099016, 33.97386138613861, 42.0, 0.5647524752475251, 39.09782178217823, 0.3340594059405943, 33.97386138613861, 0.5647524752475251) 
(35.915841584158436, 42.0, 0.9546534653465354, 33.89287128712872, 42.0, 0.5704950495049509, 38.772475247524746, 0.5451485148514855, 33.89287128712872, 0.5704950495049509) 
(35.95386138613862, 42.0, 1.456039603960397, 33.84118811881188, 42.0, 0.8841584158415848, 39.264554455445534, 0.7546534653465352, 33.84118811881188, 0.8841584158415848) 
(34.91841584158415, 42.0, 2.237425742574259, 33.6661386138614, 42.0, 1.6130693069306943, 40.711485148514846, 1.2780198019801987, 33.6661386138614, 1.6130693069306943) 
(34.65069306930694, 42.0, 5.19841584158416, 32.71722772277227, 42.0, 3.3752475247524774, 42.0, 2.3394059405940606, 32.71722772277227, 3.3752475247524774) 
(32.1409900990099, 42.0, 12.587722772277226, 28.71366336633664, 42.0, 9.375445544554458, 35.82059405940595, 4.6144554455445554, 28.71366336633664, 9.375445544554458) 
(28.97841584158416, 42.0, 22.74594059405941, 22.69544554455445, 42.0, 19.79485148514852, 32.470099009901006, 6.3631683168316835, 22.69544554455445, 19.79485148514852) 
(28.116831683168318, 42.0, 33.55425742574258, 16.94871287128713, 42.0, 32.001782178217844, 29.58316831683168, 6.091683168316832, 16.94871287128713, 32.001782178217844) 
(24.29881188118813, 42.0, 40.709702970297016, 16.51069306930693, 42.0, 38.88217821782179, 33.75485148514853, 15.351089108910893, 16.51069306930693, 38.88217821782179) 
(22.402574257425755, 42.0, 41.89623762376237, 14.229108910891089, 42.0, 41.20831683168316, 23.710495049504964, 9.091089108910888, 14.229108910891089, 41.20831683168316) 
(23.46376237623763, 42.0, 41.99069306930693, 12.46079207920792, 42.0, 41.89346534653465, 27.80435643564357, 16.48, 12.46079207920792, 41.89346534653465) 
(19.766732673267324, 42.0, 42.0, 13.864356435643561, 42.0, 41.98594059405941, 26.601386138613854, 16.066138613861387, 13.864356435643561, 41.98594059405941) 
(17.296237623762373, 42.0, 42.0, 13.22831683168317, 42.0, 41.96396039603961, 17.61465346534654, 10.532673267326734, 13.22831683168317, 41.96396039603961) 
(17.41128712871287, 42.0, 42.0, 13.356633663366337, 42.0, 42.0, 18.631089108910892, 11.624158415841585, 13.356633663366337, 42.0) 
(16.60574257425743, 42.0, 42.0, 12.724356435643568, 42.0, 42.0, 42.0, 42.0, 12.724356435643568, 42.0) 
(16.53702970297029, 42.0, 42.0, 12.230297029702973, 42.0, 42.0, 22.21683168316832, 17.85980198019802, 12.230297029702973, 42.0) 
(15.770693069306928, 42.0, 42.0, 12.5590099009901, 42.0, 42.0, 42.0, 42.0, 12.5590099009901, 42.0) 
